# blastx
# Iteration: 0
# Query: A_JCVI_40613
# RID: 2885HA25016
# Database: nr
# Fields: query acc.ver, subject acc.ver, % identity, alignment length, mismatches, gap opens, q. start, q. end, s. start, s. end, evalue, bit score, % positives, query/sbjct frames
# 106 hits found
A_JCVI_40613	NP_200950.1	94.118	136	8	0	405	812	1	136	1.61e-102	281	98.53	3/0
A_JCVI_40613	NP_200950.1	70.779	154	37	3	811	1251	135	287	1.61e-102	112	79.87	1/0
A_JCVI_40613	CAD5335533.1	88.889	144	8	1	405	812	1	144	1.71e-100	275	93.06	3/0
A_JCVI_40613	CAD5335533.1	70.779	154	37	3	811	1251	143	295	1.71e-100	113	79.87	1/0
A_JCVI_40613	CAA0401308.1	90.370	135	13	0	405	809	1	135	2.65e-86	268	94.81	3/0
A_JCVI_40613	CAA0401308.1	45.263	95	45	2	925	1209	157	244	0.002	42.4	65.26	1/0
A_JCVI_40613	NP_196386.1	90.370	135	13	0	405	809	1	135	2.77e-86	268	94.81	3/0
A_JCVI_40613	NP_196386.1	45.263	95	45	2	925	1209	157	244	0.002	42.0	64.21	1/0
A_JCVI_40613	AAC83594.1	89.630	135	14	0	405	809	1	135	3.69e-85	265	94.07	3/0
A_JCVI_40613	AAC83594.1	45.263	95	45	2	925	1209	157	244	0.002	42.0	64.21	1/0
A_JCVI_40613	NP_001318501.1	87.591	137	16	1	405	812	1	137	1.07e-83	261	94.16	3/0
A_JCVI_40613	ABK28689.1	87.591	137	16	1	405	812	1	137	1.20e-83	261	94.16	3/0
A_JCVI_40613	AAS10088.1	86.861	137	17	1	405	812	1	137	1.11e-82	258	93.43	3/0
A_JCVI_40613	OAO96068.1	94.393	107	6	0	405	725	1	107	7.63e-68	212	96.26	3/0
A_JCVI_40613	OAP15667.1	72.593	135	36	1	405	806	1	135	2.89e-64	211	84.44	3/0
A_JCVI_40613	NP_173292.1	72.593	135	36	1	405	806	1	135	2.89e-64	211	84.44	3/0
A_JCVI_40613	NP_001330734.1	72.656	128	35	0	405	788	1	128	6.85e-64	207	83.59	3/0
A_JCVI_40613	OAO95670.1	66.207	145	43	1	405	821	1	145	1.07e-63	208	77.93	3/0
A_JCVI_40613	CAD5321730.1	73.228	127	34	0	405	785	1	127	1.82e-63	207	84.25	3/0
A_JCVI_40613	NP_177548.1	72.868	129	35	0	405	791	1	129	2.42e-63	208	83.72	3/0
A_JCVI_40613	NP_200897.1	70.992	131	38	0	405	797	1	131	2.55e-63	207	83.21	3/0
A_JCVI_40613	OAP17643.1	72.868	129	35	0	405	791	1	129	2.58e-63	208	83.72	3/0
A_JCVI_40613	CAA0380942.1	73.228	127	34	0	405	785	1	127	2.83e-63	209	84.25	3/0
A_JCVI_40613	CAA0402742.1	72.656	128	35	0	405	788	1	128	3.29e-63	208	83.59	3/0
A_JCVI_40613	OAP01983.1	73.228	127	34	0	405	785	1	127	3.32e-63	208	84.25	3/0
A_JCVI_40613	VYS55909.1	73.228	127	34	0	405	785	1	127	3.36e-63	208	84.25	3/0
A_JCVI_40613	NP_001326423.1	73.228	127	34	0	405	785	1	127	3.65e-63	208	84.25	3/0
A_JCVI_40613	NP_001078589.1	72.656	128	35	0	405	788	1	128	3.70e-63	207	83.59	3/0
A_JCVI_40613	NP_197035.1	72.656	128	35	0	405	788	1	128	3.76e-63	208	83.59	3/0
A_JCVI_40613	AAS10051.1	72.441	127	35	0	405	785	1	127	6.23e-62	205	83.46	3/0
A_JCVI_40613	NP_186763.2	72.093	129	36	0	399	785	42	170	9.94e-62	206	82.95	3/0
A_JCVI_40613	NP_001326400.1	67.164	134	44	0	405	806	1	134	3.41e-61	202	80.60	3/0
A_JCVI_40613	NP_001326399.1	67.164	134	44	0	405	806	1	134	6.93e-61	202	80.60	3/0
A_JCVI_40613	OAP03198.1	67.164	134	44	0	405	806	1	134	7.31e-61	202	80.60	3/0
A_JCVI_40613	NP_174726.1	70.312	128	38	0	405	788	1	128	2.33e-60	202	81.25	3/0
A_JCVI_40613	CAD5313092.1	72.059	136	37	1	402	806	698	833	2.34e-60	213	84.56	3/0
A_JCVI_40613	NP_001330269.1	66.418	134	45	0	405	806	1	134	3.72e-60	200	78.36	3/0
A_JCVI_40613	CAD5331756.1	71.875	128	35	1	405	788	1	127	3.85e-60	200	82.81	3/0
A_JCVI_40613	CAD5314496.1	70.312	128	38	0	405	788	1	128	4.54e-60	201	81.25	3/0
A_JCVI_40613	OAP16067.1	70.312	128	38	0	405	788	1	128	4.54e-60	201	81.25	3/0
A_JCVI_40613	CAA0266306.1	70.312	128	38	0	405	788	1	128	4.74e-60	201	81.25	3/0
A_JCVI_40613	AAS10096.1	66.418	134	45	0	405	806	1	134	4.85e-60	199	78.36	3/0
A_JCVI_40613	NP_567626.1	67.188	128	42	0	405	788	1	128	7.57e-60	200	80.47	3/0
A_JCVI_40613	AAM64808.1	67.188	128	42	0	405	788	1	128	8.15e-60	200	80.47	3/0
A_JCVI_40613	CAD5328615.1	67.188	128	42	0	405	788	1	128	8.24e-60	200	80.47	3/0
A_JCVI_40613	CAD5331891.1	66.418	134	45	0	405	806	1	134	8.51e-60	199	78.36	3/0
A_JCVI_40613	NP_197179.2	66.418	134	45	0	405	806	1	134	9.07e-60	199	78.36	3/0
A_JCVI_40613	VYS63434.1	67.188	128	42	0	405	788	1	128	1.36e-59	199	80.47	3/0
A_JCVI_40613	AAL32697.1	67.188	128	42	0	405	788	1	128	1.89e-59	199	79.69	3/0
A_JCVI_40613	NP_194540.1	67.969	128	41	0	405	788	1	128	3.98e-59	196	77.34	3/0
A_JCVI_40613	AAS10073.1	68.992	129	39	1	405	788	1	129	5.33e-58	194	79.84	3/0
A_JCVI_40613	CAA0393612.1	68.992	129	39	1	405	788	1	129	5.77e-58	194	79.84	3/0
A_JCVI_40613	NP_192419.1	68.992	129	39	1	405	788	1	129	5.80e-58	194	79.84	3/0
A_JCVI_40613	CAA18708.1	66.154	130	42	1	405	788	1	130	7.30e-58	195	79.23	3/0
A_JCVI_40613	OAO99369.1	68.992	129	39	1	405	788	1	129	7.44e-58	194	79.84	3/0
A_JCVI_40613	VYS61784.1	68.992	129	39	1	405	788	1	129	7.44e-58	194	79.84	3/0
A_JCVI_40613	CAD5335472.1	67.939	131	35	1	405	797	1	124	8.18e-58	192	80.15	3/0
A_JCVI_40613	NP_201326.1	67.188	128	42	0	405	788	1	128	3.44e-57	192	78.91	3/0
A_JCVI_40613	OAO96421.1	66.406	128	43	0	405	788	1	128	1.87e-56	190	78.91	3/0
A_JCVI_40613	CAA0401764.1	64.062	128	46	0	405	788	1	128	1.93e-56	191	78.12	3/0
A_JCVI_40613	CAD5331308.1	64.062	128	46	0	405	788	1	128	2.08e-56	191	78.12	3/0
A_JCVI_40613	NP_196590.1	64.062	128	46	0	405	788	1	128	2.59e-56	190	78.12	3/0
A_JCVI_40613	OAO96948.1	62.500	136	50	1	405	809	1	136	7.25e-56	190	77.94	3/0
A_JCVI_40613	NP_195225.1	65.116	129	45	0	405	791	1	129	1.53e-55	186	78.29	3/0
A_JCVI_40613	CAA0397531.1	65.116	129	45	0	405	791	1	129	1.63e-55	186	78.29	3/0
A_JCVI_40613	AAF13100.1	65.116	129	45	0	405	791	1	129	1.74e-55	186	78.29	3/0
A_JCVI_40613	CAA0387803.1	63.359	131	48	0	405	797	1	131	2.70e-55	186	78.63	3/0
A_JCVI_40613	OAP04938.1	63.359	131	48	0	405	797	1	131	2.70e-55	186	78.63	3/0
A_JCVI_40613	NP_191684.1	63.359	131	48	0	405	797	1	131	2.72e-55	186	78.63	3/0
A_JCVI_40613	VYS62099.1	52.326	172	68	2	405	920	1	158	2.79e-55	184	66.28	3/0
A_JCVI_40613	NP_001329227.1	61.765	136	51	1	405	809	1	136	7.13e-55	187	77.21	3/0
A_JCVI_40613	NP_567540.2	61.765	136	51	1	405	809	1	136	8.27e-55	187	77.21	3/0
A_JCVI_40613	OAP08362.1	62.791	129	48	0	405	791	1	129	8.61e-55	184	79.07	3/0
A_JCVI_40613	NP_179263.1	63.780	127	46	0	405	785	1	127	9.08e-55	184	79.53	3/0
A_JCVI_40613	CAA0363364.1	62.791	129	48	0	405	791	1	129	1.02e-54	184	79.07	3/0
A_JCVI_40613	NP_192684.1	51.744	172	69	2	405	920	1	158	1.19e-54	183	66.28	3/0
A_JCVI_40613	OAO97402.1	65.116	129	45	0	405	791	1	129	1.25e-54	184	81.40	3/0
A_JCVI_40613	NP_567664.1	65.116	129	45	0	405	791	1	129	1.27e-54	184	81.40	3/0
A_JCVI_40613	OAO97731.1	60.902	133	52	0	405	803	1	133	1.33e-54	184	77.44	3/0
A_JCVI_40613	ABK28645.1	65.116	129	45	0	405	791	1	129	1.55e-54	183	81.40	3/0
A_JCVI_40613	NP_195574.1	60.150	133	53	0	405	803	1	133	2.00e-54	184	77.44	3/0
A_JCVI_40613	AAC83582.1	60.150	133	53	0	405	803	1	133	2.15e-54	184	77.44	3/0
A_JCVI_40613	AAS10108.1	70.940	117	34	0	438	788	12	128	3.82e-54	184	81.20	3/0
A_JCVI_40613	NP_200234.1	70.940	117	34	0	438	788	12	128	4.16e-54	184	81.20	3/0
A_JCVI_40613	VYS70311.1	70.940	117	34	0	438	788	12	128	4.48e-54	184	81.20	3/0
A_JCVI_40613	NP_849749.1	57.047	149	60	1	405	839	1	149	4.49e-54	180	70.47	3/0
A_JCVI_40613	NP_176797.1	63.077	130	48	0	405	794	1	130	9.44e-54	182	80.00	3/0
A_JCVI_40613	OAP15482.1	63.077	130	48	0	405	794	1	130	1.05e-53	182	80.00	3/0
A_JCVI_40613	VYS46912.1	62.992	127	47	0	405	785	1	127	2.89e-53	180	78.74	3/0
A_JCVI_40613	CAA0233423.1	62.992	127	47	0	405	785	1	127	3.05e-53	180	78.74	3/0
A_JCVI_40613	CAA0300044.1	60.769	130	51	0	405	794	1	130	4.11e-53	181	79.23	3/0
A_JCVI_40613	NP_001323229.1	60.769	130	51	0	405	794	1	130	4.41e-53	180	79.23	3/0
A_JCVI_40613	BAA21619.1	61.364	132	51	0	405	800	1	132	5.02e-53	182	76.52	3/0
A_JCVI_40613	NP_850879.1	61.364	132	51	0	405	800	1	132	5.18e-53	182	76.52	3/0
A_JCVI_40613	CAA0404987.1	59.559	136	55	0	405	812	1	136	5.58e-53	182	75.74	3/0
A_JCVI_40613	NP_176068.1	60.769	130	51	0	405	794	1	130	5.90e-53	181	79.23	3/0
A_JCVI_40613	OAP13792.1	60.769	130	51	0	405	794	1	130	6.88e-53	181	79.23	3/0
A_JCVI_40613	CAA0382304.1	62.500	128	48	0	417	800	16	143	7.05e-53	179	78.12	3/0
A_JCVI_40613	OAP15385.1	60.769	130	51	0	405	794	1	130	7.33e-53	179	79.23	3/0
A_JCVI_40613	CAD5334855.1	71.053	114	33	0	447	788	15	128	7.42e-53	179	80.70	3/0
A_JCVI_40613	NP_851241.1	91.228	57	5	0	642	812	1	57	7.42e-53	116	96.49	3/0
A_JCVI_40613	NP_851241.1	70.779	154	37	3	811	1251	56	208	7.42e-53	112	79.87	1/0
A_JCVI_40613	NP_187963.1	62.500	128	48	0	417	800	16	143	7.60e-53	178	78.12	3/0
A_JCVI_40613	NP_564176.2	62.205	127	48	0	405	785	1	127	8.54e-53	179	78.74	3/0
A_JCVI_40613	CAA0409728.1	71.053	114	33	0	447	788	15	128	1.43e-52	180	80.70	3/0
A_JCVI_40613	OAO93192.1	71.053	114	33	0	447	788	15	128	1.45e-52	180	80.70	3/0
# blastx
# Iteration: 0
# Query: A_JCVI_16890
# RID: 2885HA25016
# Database: nr
# Fields: query acc.ver, subject acc.ver, % identity, alignment length, mismatches, gap opens, q. start, q. end, s. start, s. end, evalue, bit score, % positives, query/sbjct frames
# 21 hits found
A_JCVI_16890	OAO96813.1	87.560	209	25	1	8	631	70	278	5.98e-126	363	93.78	2/0
A_JCVI_16890	CAA0394836.1	87.560	209	25	1	8	631	70	278	7.77e-126	363	93.78	2/0
A_JCVI_16890	VYS62377.1	88.406	207	23	1	14	631	70	276	1.28e-125	362	93.72	2/0
A_JCVI_16890	NP_974538.1	88.406	207	23	1	14	631	70	276	1.51e-125	362	93.72	2/0
A_JCVI_16890	NP_001328580.1	90.270	185	18	0	77	631	1	185	1.87e-114	331	94.05	2/0
A_JCVI_16890	NP_567671.1	74.766	214	45	2	17	631	62	275	1.31e-108	319	85.98	2/0
A_JCVI_16890	CAA0396183.1	74.766	214	45	2	17	631	62	275	1.78e-108	319	85.98	2/0
A_JCVI_16890	CAD5328758.1	74.766	214	45	2	17	631	62	275	3.80e-106	319	85.98	2/0
A_JCVI_16890	CAB40944.1	78.049	205	25	3	50	658	64	250	1.91e-102	303	83.90	2/0
A_JCVI_16890	CAA16569.1	68.122	229	49	2	17	631	98	326	6.77e-101	301	79.04	2/0
A_JCVI_16890	NP_001319909.1	92.254	142	11	0	206	631	1	142	4.29e-86	257	95.77	2/0
A_JCVI_16890	NP_566764.1	42.021	188	98	3	80	625	100	282	6.85e-38	138	61.70	2/0
A_JCVI_16890	BAB01312.1	42.021	188	98	3	80	625	100	282	1.29e-37	137	61.70	2/0
A_JCVI_16890	AAM63721.1	41.489	188	99	3	80	625	100	282	1.47e-37	137	61.70	2/0
A_JCVI_16890	AAC32250.1	39.394	165	95	3	134	628	53	212	1.24e-31	119	61.82	2/0
A_JCVI_16890	OAP03915.1	34.764	233	96	5	80	625	100	327	2.50e-31	121	51.50	2/0
A_JCVI_16890	NP_850089.1	35.859	198	118	5	35	628	85	273	6.24e-31	119	58.59	2/0
A_JCVI_16890	AAM18095.1	35.859	198	118	5	35	628	85	273	1.12e-30	118	58.59	2/0
A_JCVI_16890	CAD5319612.1	40.000	155	88	3	164	628	131	280	1.24e-29	115	62.58	2/0
A_JCVI_16890	NP_565182.1	33.735	166	105	2	131	628	109	269	2.19e-23	98.6	55.42	2/0
A_JCVI_16890	AAD30581.1	42.308	52	30	0	473	628	1	52	1.77e-04	42.7	69.23	2/0
# blastx
# Iteration: 0
# Query: A_JCVI_4085
# RID: 2885HA25016
# Database: nr
# Fields: query acc.ver, subject acc.ver, % identity, alignment length, mismatches, gap opens, q. start, q. end, s. start, s. end, evalue, bit score, % positives, query/sbjct frames
# 42 hits found
A_JCVI_4085	OAO93800.1	88.119	202	24	0	31	636	373	574	1.87e-128	379	93.56	1/0
A_JCVI_4085	NP_001318634.1	87.129	202	26	0	31	636	373	574	1.40e-126	374	92.57	1/0
A_JCVI_4085	CAA0404526.1	87.129	202	26	0	31	636	373	574	2.93e-126	373	92.08	1/0
A_JCVI_4085	BAH20320.1	63.776	196	70	1	40	627	123	317	3.84e-91	275	80.10	1/0
A_JCVI_4085	CAD5321557.1	63.959	197	70	1	34	624	367	562	1.76e-89	278	79.70	1/0
A_JCVI_4085	OAP11588.1	63.959	197	70	1	34	624	367	562	1.76e-89	278	79.70	1/0
A_JCVI_4085	NP_566076.1	63.452	197	71	1	34	624	367	562	9.58e-89	276	79.70	1/0
A_JCVI_4085	BAH19960.1	63.452	197	71	1	34	624	367	562	1.06e-88	276	79.70	1/0
A_JCVI_4085	AAR24687.1	57.500	200	84	1	31	630	102	300	6.67e-87	263	76.50	1/0
A_JCVI_4085	AAF19692.1	57.500	200	84	1	31	630	306	504	6.96e-85	265	76.50	1/0
A_JCVI_4085	OAP16383.1	58.000	200	83	1	31	630	351	549	1.59e-84	265	76.50	1/0
A_JCVI_4085	NP_176627.2	57.500	200	84	1	31	630	350	548	1.79e-84	265	76.50	1/0
A_JCVI_4085	Q9SGW8.2	57.500	200	84	1	31	630	351	549	1.97e-84	265	76.50	1/0
A_JCVI_4085	CAA0314591.1	57.500	200	84	1	31	630	351	549	2.08e-84	265	76.50	1/0
A_JCVI_4085	CAD5316270.1	54.000	200	84	2	31	630	129	320	7.87e-78	241	73.00	1/0
A_JCVI_4085	CAD5316269.1	54.000	200	84	2	31	630	351	542	1.50e-75	241	73.00	1/0
A_JCVI_4085	CAD5312625.1	42.347	196	101	3	34	597	270	461	5.28e-40	149	58.16	1/0
A_JCVI_4085	CAA0200255.1	42.347	196	101	3	34	597	270	461	6.92e-40	148	58.16	1/0
A_JCVI_4085	NP_001322238.1	42.347	196	101	3	34	597	270	461	7.35e-40	148	58.16	1/0
A_JCVI_4085	AAF81291.1	42.347	196	101	3	34	597	268	459	7.60e-40	148	58.16	1/0
A_JCVI_4085	VYS45979.1	42.347	196	101	3	34	597	270	461	1.07e-39	147	58.16	1/0
A_JCVI_4085	NP_973413.1	46.341	164	82	3	25	498	150	313	1.10e-39	146	61.59	1/0
A_JCVI_4085	NP_565307.1	46.341	164	82	3	25	498	270	433	6.19e-39	146	61.59	1/0
A_JCVI_4085	VYS51967.1	46.341	164	82	3	25	498	270	433	6.38e-39	145	61.59	1/0
A_JCVI_4085	CAA0242890.1	42.162	185	101	2	37	573	273	457	1.29e-37	142	56.76	1/0
A_JCVI_4085	NP_564242.1	41.622	185	102	2	37	573	273	457	2.09e-37	141	56.76	1/0
A_JCVI_4085	CAA0376020.1	41.489	188	101	3	40	576	209	396	4.64e-35	134	55.32	1/0
A_JCVI_4085	CAD5320996.1	41.489	188	101	3	40	576	209	396	4.97e-35	134	55.32	1/0
A_JCVI_4085	NP_181617.1	41.489	188	101	3	40	576	228	415	5.88e-35	134	55.32	1/0
A_JCVI_4085	OAP07558.1	41.489	188	101	3	40	576	228	415	6.37e-35	134	55.32	1/0
A_JCVI_4085	AAL84930.1	40.426	188	103	3	40	576	228	415	1.53e-33	130	54.79	1/0
A_JCVI_4085	VYS60602.1	40.659	182	96	2	40	549	208	389	1.11e-32	127	53.30	1/0
A_JCVI_4085	OAP06747.1	40.659	182	96	2	40	549	208	389	1.17e-32	127	53.30	1/0
A_JCVI_4085	NP_001319769.1	40.659	182	96	2	40	549	205	386	1.99e-32	127	53.30	1/0
A_JCVI_4085	NP_001327285.1	40.659	182	96	2	40	549	208	389	2.08e-32	127	53.30	1/0
A_JCVI_4085	OAO93525.1	34.503	171	101	5	1	480	180	350	4.51e-21	93.6	50.29	1/0
A_JCVI_4085	AAD45995.1	35.802	162	93	5	28	480	443	604	1.61e-20	93.2	50.62	1/0
A_JCVI_4085	NP_001154375.1	35.802	162	93	5	28	480	427	588	1.75e-20	93.2	50.62	1/0
A_JCVI_4085	NP_174077.1	35.802	162	93	5	28	480	436	597	1.78e-20	93.2	50.62	1/0
A_JCVI_4085	VYS47325.1	38.667	75	45	1	4	228	27	100	8.64e-10	57.4	61.33	1/0
A_JCVI_4085	CAA0247593.1	37.333	75	46	1	4	228	27	100	2.28e-09	55.8	61.33	1/0
A_JCVI_4085	NP_001189762.1	65.385	26	9	0	37	114	368	393	0.017	38.5	69.23	1/0
# blastx
# Iteration: 0
# Query: A_JCVI_20894
# RID: 2885HA25016
# Database: nr
# Fields: query acc.ver, subject acc.ver, % identity, alignment length, mismatches, gap opens, q. start, q. end, s. start, s. end, evalue, bit score, % positives, query/sbjct frames
# 6 hits found
A_JCVI_20894	CAA0404461.1	94.444	18	1	0	5	58	5	22	0.024	37.4	100.00	2/0
A_JCVI_20894	VYS67740.1	94.444	18	1	0	5	58	5	22	0.024	37.4	100.00	2/0
A_JCVI_20894	OAO94816.1	94.444	18	1	0	5	58	5	22	0.024	37.4	100.00	2/0
A_JCVI_20894	NP_001329993.1	94.444	18	1	0	5	58	21	38	0.024	37.4	100.00	2/0
A_JCVI_20894	NP_197783.2	94.444	18	1	0	5	58	5	22	0.025	37.4	100.00	2/0
A_JCVI_20894	CAD5332513.1	94.444	18	1	0	5	58	5	22	0.025	37.4	100.00	2/0
# blastx
# Iteration: 0
# Query: A_JCVI_13033
# RID: 2885HA25016
# Database: nr
# Fields: query acc.ver, subject acc.ver, % identity, alignment length, mismatches, gap opens, q. start, q. end, s. start, s. end, evalue, bit score, % positives, query/sbjct frames
# 158 hits found
A_JCVI_13033	NP_566831.1	89.200	250	26	1	247	996	119	367	8.84e-151	432	94.00	1/0
A_JCVI_13033	NP_566831.1	92.308	39	3	0	39	155	87	125	3.34e-15	78.2	100.00	3/0
A_JCVI_13033	CAD5324358.1	90.164	244	23	1	265	996	1	243	2.04e-150	426	95.08	1/0
A_JCVI_13033	BAB01127.1	90.164	244	23	1	265	996	86	328	1.10e-149	427	95.08	1/0
A_JCVI_13033	AAM65952.1	87.600	250	30	1	247	996	119	367	1.77e-148	426	93.60	1/0
A_JCVI_13033	AAM65952.1	92.308	39	3	0	39	155	87	125	3.53e-15	78.2	100.00	3/0
A_JCVI_13033	CAA0383952.1	43.825	251	121	4	265	996	126	363	2.11e-61	198	65.34	1/0
A_JCVI_13033	CAA0383952.1	71.795	39	11	0	39	155	88	126	2.11e-61	58.9	84.62	3/0
A_JCVI_13033	NP_001190441.1	44.907	216	111	2	244	870	140	354	3.82e-59	192	68.98	1/0
A_JCVI_13033	NP_001190441.1	75.676	37	9	0	45	155	111	147	3.82e-59	57.4	83.78	3/0
A_JCVI_13033	NP_001318710.1	44.907	216	111	2	244	870	126	340	3.21e-57	192	68.98	1/0
A_JCVI_13033	NP_001318710.1	62.500	48	13	1	45	188	97	139	2.22e-08	57.4	75.00	3/0
A_JCVI_13033	OAO90578.1	44.907	216	111	2	244	870	126	340	3.57e-57	192	68.98	1/0
A_JCVI_13033	OAO90578.1	62.500	48	13	1	45	188	97	139	2.26e-08	57.4	75.00	3/0
A_JCVI_13033	CAD5333550.1	44.907	216	111	2	244	870	126	340	3.85e-57	192	68.98	1/0
A_JCVI_13033	CAD5333550.1	62.500	48	13	1	45	188	97	139	2.32e-08	57.4	75.00	3/0
A_JCVI_13033	CAD5324360.1	44.800	250	117	5	265	993	1	236	4.81e-56	194	64.40	1/0
A_JCVI_13033	CAD5324360.1	42.520	254	122	4	247	990	314	549	3.04e-54	177	59.06	1/0
A_JCVI_13033	CAD5324360.1	71.429	35	10	0	51	155	286	320	3.04e-54	56.2	88.57	3/0
A_JCVI_13033	BAB10904.1	40.078	257	128	4	244	993	103	340	7.50e-56	188	62.26	1/0
A_JCVI_13033	BAB10904.1	50.000	62	20	1	45	230	74	124	1.99e-08	57.4	67.74	3/0
A_JCVI_13033	NP_001327566.1	45.276	254	116	4	247	990	32	268	1.56e-55	185	60.24	1/0
A_JCVI_13033	NP_001327566.1	62.857	35	13	0	51	155	4	38	8.45e-06	48.9	80.00	3/0
A_JCVI_13033	NP_198839.1	40.078	257	128	4	244	993	127	364	2.27e-55	187	62.26	1/0
A_JCVI_13033	NP_198839.1	50.000	62	20	1	45	230	98	148	2.17e-08	57.4	67.74	3/0
A_JCVI_13033	VYS58871.1	45.276	254	116	4	247	990	121	357	5.99e-55	186	60.24	1/0
A_JCVI_13033	VYS58871.1	62.857	35	13	0	51	155	93	127	1.38e-05	48.9	80.00	3/0
A_JCVI_13033	CAA0383954.1	45.276	254	116	4	247	990	121	357	6.18e-55	186	60.24	1/0
A_JCVI_13033	CAA0383954.1	62.857	35	13	0	51	155	93	127	1.33e-05	48.9	80.00	3/0
A_JCVI_13033	OAO94996.1	39.600	250	125	4	265	993	1	231	1.16e-54	181	61.60	1/0
A_JCVI_13033	NP_850642.1	45.276	254	116	4	247	990	113	349	1.34e-54	185	60.24	1/0
A_JCVI_13033	NP_850642.1	62.857	35	13	0	51	155	85	119	1.29e-05	48.9	80.00	3/0
A_JCVI_13033	VYS68805.1	39.689	257	129	4	244	993	127	364	1.50e-54	185	61.87	1/0
A_JCVI_13033	VYS68805.1	50.000	62	20	1	45	230	98	148	2.12e-08	57.4	67.74	3/0
A_JCVI_13033	NP_001327570.1	45.161	248	113	4	265	990	1	231	1.55e-54	181	60.48	1/0
A_JCVI_13033	NP_566832.1	45.276	254	116	4	247	990	121	357	1.62e-54	185	60.24	1/0
A_JCVI_13033	NP_566832.1	62.857	35	13	0	51	155	93	127	1.39e-05	48.9	80.00	3/0
A_JCVI_13033	CAD5333549.1	39.689	257	129	4	244	993	127	364	1.74e-54	185	61.87	1/0
A_JCVI_13033	CAD5333549.1	50.000	62	20	1	45	230	98	148	2.23e-08	57.4	67.74	3/0
A_JCVI_13033	OAO94995.1	39.689	257	129	4	244	993	127	364	1.86e-54	185	61.48	1/0
A_JCVI_13033	OAO94995.1	50.000	62	20	1	45	230	98	148	2.25e-08	57.4	67.74	3/0
A_JCVI_13033	NP_974370.1	42.126	254	123	4	247	990	32	267	3.06e-54	177	59.06	1/0
A_JCVI_13033	NP_974370.1	74.286	35	9	0	51	155	4	38	3.06e-54	56.6	88.57	3/0
A_JCVI_13033	CAD5324362.1	44.094	254	119	4	247	990	32	268	3.62e-54	181	59.84	1/0
A_JCVI_13033	CAD5324362.1	62.857	35	13	0	51	155	4	38	8.30e-06	48.9	80.00	3/0
A_JCVI_13033	NP_189446.2	42.126	254	123	4	247	990	124	359	4.85e-54	176	59.06	1/0
A_JCVI_13033	NP_189446.2	74.286	35	9	0	51	155	96	130	4.85e-54	56.2	88.57	3/0
A_JCVI_13033	VYS58870.1	42.126	254	123	4	247	990	124	359	5.31e-54	176	59.06	1/0
A_JCVI_13033	VYS58870.1	74.286	35	9	0	51	155	96	130	5.31e-54	56.2	88.57	3/0
A_JCVI_13033	AAM67276.1	44.488	254	118	4	247	990	121	357	9.98e-54	182	59.84	1/0
A_JCVI_13033	AAM67276.1	62.857	35	13	0	51	155	93	127	9.98e-54	48.9	80.00	3/0
A_JCVI_13033	CAA0383953.1	42.126	254	123	4	247	990	124	359	1.01e-53	176	59.45	1/0
A_JCVI_13033	CAA0383953.1	71.429	35	10	0	51	155	96	130	1.01e-53	55.8	88.57	3/0
A_JCVI_13033	CAD5324361.1	44.094	254	119	4	247	990	121	357	2.32e-53	181	59.84	1/0
A_JCVI_13033	CAD5324361.1	62.857	35	13	0	51	155	93	127	2.32e-53	48.9	80.00	3/0
A_JCVI_13033	OAP03034.1	43.952	248	116	4	265	990	1	231	1.07e-52	176	59.68	1/0
A_JCVI_13033	CAA0383957.1	43.220	236	123	3	247	924	104	338	1.14e-52	174	61.02	1/0
A_JCVI_13033	CAA0383957.1	68.571	35	11	0	51	155	76	110	1.14e-52	53.5	88.57	3/0
A_JCVI_13033	VYS58874.1	43.220	236	123	3	247	924	120	354	1.21e-52	175	61.02	1/0
A_JCVI_13033	VYS58874.1	68.571	35	11	0	51	155	92	126	1.21e-52	52.4	85.71	3/0
A_JCVI_13033	NP_001325438.1	47.196	214	106	2	247	870	34	246	1.27e-52	175	63.55	1/0
A_JCVI_13033	NP_001325438.1	68.571	35	11	0	51	155	6	40	1.27e-52	52.4	85.71	3/0
A_JCVI_13033	NP_974371.2	47.196	214	106	2	247	870	120	332	1.28e-52	175	63.55	1/0
A_JCVI_13033	NP_974371.2	68.571	35	11	0	51	155	92	126	1.28e-52	52.4	85.71	3/0
A_JCVI_13033	NP_189449.2	44.144	222	113	3	247	894	121	337	8.60e-52	167	61.71	1/0
A_JCVI_13033	NP_189449.2	77.143	35	8	0	51	155	93	127	8.60e-52	57.8	88.57	3/0
A_JCVI_13033	BAB10902.1	39.024	246	124	5	247	984	98	317	1.20e-51	165	59.76	1/0
A_JCVI_13033	BAB10902.1	60.976	41	16	0	33	155	64	104	1.20e-51	59.3	82.93	3/0
A_JCVI_13033	NP_001325597.1	42.339	248	119	4	265	990	1	230	2.03e-51	173	59.27	1/0
A_JCVI_13033	CAA0383955.1	44.144	222	113	3	247	894	121	337	2.50e-51	167	61.71	1/0
A_JCVI_13033	CAA0383955.1	74.286	35	9	0	51	155	93	127	2.50e-51	56.2	88.57	3/0
A_JCVI_13033	VYS58872.1	44.144	222	113	3	247	894	121	337	2.52e-51	167	61.71	1/0
A_JCVI_13033	VYS58872.1	74.286	35	9	0	51	155	93	127	2.52e-51	56.2	88.57	3/0
A_JCVI_13033	NP_001325436.1	47.368	209	103	2	265	873	1	208	3.86e-51	172	63.64	1/0
A_JCVI_13033	CAD5328020.1	41.379	232	124	3	247	942	124	343	4.41e-51	164	63.79	1/0
A_JCVI_13033	CAD5328020.1	72.973	37	10	0	45	155	94	130	4.41e-51	58.5	83.78	3/0
A_JCVI_13033	NP_568578.1	39.024	246	124	5	247	984	120	339	6.65e-51	165	59.76	1/0
A_JCVI_13033	NP_568578.1	66.667	36	12	0	48	155	91	126	6.65e-51	56.6	88.89	3/0
A_JCVI_13033	CAD5333547.1	39.024	246	124	5	247	984	103	322	7.60e-51	165	59.76	1/0
A_JCVI_13033	CAD5333547.1	66.667	36	12	0	48	155	74	109	7.60e-51	56.6	88.89	3/0
A_JCVI_13033	CAA0406484.1	39.024	246	124	5	247	984	120	339	8.05e-51	165	59.76	1/0
A_JCVI_13033	CAA0406484.1	66.667	36	12	0	48	155	91	126	8.05e-51	56.6	88.89	3/0
A_JCVI_13033	NP_001319951.1	39.516	248	125	4	247	990	124	346	2.05e-50	162	62.90	1/0
A_JCVI_13033	NP_001319951.1	72.973	37	10	0	45	155	94	130	2.05e-50	58.2	83.78	3/0
A_JCVI_13033	AAL86328.1	39.516	248	125	4	247	990	101	323	2.32e-50	162	62.90	1/0
A_JCVI_13033	AAL86328.1	72.973	37	10	0	45	155	71	107	2.32e-50	57.8	83.78	3/0
A_JCVI_13033	CAA0395361.1	43.750	208	110	2	247	870	124	324	5.97e-50	161	68.27	1/0
A_JCVI_13033	CAA0395361.1	72.973	37	10	0	45	155	94	130	5.97e-50	58.2	83.78	3/0
A_JCVI_13033	BAB01133.1	47.596	208	102	2	265	870	88	294	6.53e-50	172	63.94	1/0
A_JCVI_13033	OAP03680.1	44.712	208	108	2	265	870	1	207	8.18e-48	163	63.46	1/0
A_JCVI_13033	OAO94453.1	39.167	240	120	5	265	984	1	214	1.37e-47	162	60.42	1/0
A_JCVI_13033	CAD5324363.1	42.291	227	113	5	247	894	104	323	1.02e-46	150	59.47	1/0
A_JCVI_13033	CAD5324363.1	77.143	35	8	0	51	155	76	110	1.02e-46	57.8	88.57	3/0
A_JCVI_13033	BAC42116.1	39.669	242	121	4	265	990	1	217	4.18e-46	159	63.64	1/0
A_JCVI_13033	CAD5316814.1	36.179	246	144	3	259	969	114	355	1.68e-40	148	53.66	1/0
A_JCVI_13033	CAD5316813.1	36.555	238	138	3	283	969	119	352	1.80e-38	142	53.78	1/0
A_JCVI_13033	OAP18982.1	36.555	238	138	3	283	969	134	367	2.07e-38	143	53.78	1/0
A_JCVI_13033	NP_177183.2	36.134	238	139	3	283	969	134	367	5.41e-38	142	54.20	1/0
A_JCVI_13033	NP_001030788.2	42.708	192	103	2	247	804	124	314	1.29e-36	137	61.98	1/0
A_JCVI_13033	NP_001030788.2	58.333	48	15	1	51	194	96	138	4.76e-08	56.2	75.00	3/0
A_JCVI_13033	VYS46836.1	32.751	229	140	2	247	894	118	345	1.79e-34	125	53.71	1/0
A_JCVI_13033	VYS46836.1	59.375	32	13	0	60	155	93	124	1.79e-34	42.4	78.12	3/0
A_JCVI_13033	NP_173607.1	32.751	229	140	2	247	894	118	345	3.32e-34	124	53.28	1/0
A_JCVI_13033	NP_173607.1	59.375	32	13	0	60	155	93	124	3.32e-34	42.4	78.12	3/0
A_JCVI_13033	CAD5313407.1	32.314	229	141	2	247	894	97	324	8.51e-34	122	52.84	1/0
A_JCVI_13033	CAD5313407.1	59.375	32	13	0	60	155	72	103	8.51e-34	42.4	78.12	3/0
A_JCVI_13033	AAF16542.1	32.589	224	137	2	262	894	125	347	3.21e-33	122	53.57	1/0
A_JCVI_13033	AAF16542.1	58.065	31	13	0	60	152	93	123	3.21e-33	40.8	77.42	3/0
A_JCVI_13033	NP_001189993.1	36.614	254	84	6	247	990	121	303	3.93e-33	114	47.64	1/0
A_JCVI_13033	NP_001189993.1	62.857	35	13	0	51	155	93	127	3.93e-33	48.5	80.00	3/0
A_JCVI_13033	NP_001327565.1	36.614	254	84	6	247	990	32	214	5.37e-33	113	47.64	1/0
A_JCVI_13033	NP_001327565.1	62.857	35	13	0	51	155	4	38	5.37e-33	48.9	80.00	3/0
A_JCVI_13033	BAB01128.1	44.966	149	79	2	400	840	19	166	7.60e-33	123	64.43	1/0
A_JCVI_13033	F4IXT6.1	44.966	149	79	2	400	840	39	186	1.21e-32	123	64.43	1/0
A_JCVI_13033	OAP03683.1	48.780	123	62	1	502	870	1	122	3.92e-32	119	67.48	1/0
A_JCVI_13033	AAL38712.1	32.751	229	140	2	247	894	118	345	7.83e-32	125	53.28	1/0
A_JCVI_13033	NP_001030721.1	31.416	226	146	5	262	924	17	238	8.31e-32	122	53.54	1/0
A_JCVI_13033	NP_188448.2	31.416	226	146	5	262	924	147	368	2.39e-31	121	53.54	1/0
A_JCVI_13033	NP_188448.2	50.000	30	15	0	66	155	119	148	2.39e-31	35.0	70.00	3/0
A_JCVI_13033	CAA0382835.1	31.416	226	146	5	262	924	124	345	2.94e-31	121	53.54	1/0
A_JCVI_13033	CAA0382835.1	50.000	30	15	0	66	155	96	125	2.94e-31	35.0	70.00	3/0
A_JCVI_13033	OAP01250.1	31.556	225	145	5	262	921	124	344	3.95e-31	121	53.78	1/0
A_JCVI_13033	OAP01250.1	50.000	30	15	0	66	155	96	125	3.95e-31	34.7	70.00	3/0
A_JCVI_13033	CAB10332.1	37.624	202	80	3	265	870	92	247	1.28e-30	124	57.43	1/0
A_JCVI_13033	NP_194771.1	30.196	255	162	5	268	996	116	366	1.68e-30	121	49.02	1/0
A_JCVI_13033	NP_001328376.1	30.196	255	162	5	268	996	126	376	1.88e-30	121	49.02	1/0
A_JCVI_13033	NP_973734.1	29.289	239	158	4	244	942	75	308	4.19e-29	116	51.88	1/0
A_JCVI_13033	AAF26473.1	29.614	233	153	4	262	942	107	334	7.72e-29	116	51.93	1/0
A_JCVI_13033	CAD5327310.1	30.702	228	149	3	262	921	123	349	8.61e-29	114	55.70	1/0
A_JCVI_13033	CAD5327310.1	43.750	32	18	0	60	155	93	124	8.61e-29	33.1	68.75	3/0
A_JCVI_13033	NP_563617.1	29.614	233	153	4	262	942	128	355	1.07e-28	116	51.93	1/0
A_JCVI_13033	CAA0152749.1	29.614	233	153	4	262	942	128	355	1.09e-28	116	51.93	1/0
A_JCVI_13033	CAD5325673.1	29.644	253	159	6	265	978	123	371	1.33e-28	115	52.57	1/0
A_JCVI_13033	CAD5325673.1	51.852	27	13	0	66	146	94	120	1.33e-28	31.6	74.07	3/0
A_JCVI_13033	NP_192570.2	30.045	223	148	2	262	909	123	344	1.46e-28	114	56.05	1/0
A_JCVI_13033	NP_192570.2	43.750	32	18	0	60	155	93	124	1.46e-28	33.1	68.75	3/0
A_JCVI_13033	OAO98119.1	30.045	223	148	2	262	909	123	344	1.52e-28	114	56.05	1/0
A_JCVI_13033	OAO98119.1	43.750	32	18	0	60	155	93	124	1.52e-28	33.1	68.75	3/0
A_JCVI_13033	CAB45800.1	30.045	223	148	2	262	909	118	339	1.76e-28	114	56.05	1/0
A_JCVI_13033	CAB45800.1	43.750	32	18	0	60	155	88	119	1.76e-28	33.1	68.75	3/0
A_JCVI_13033	NP_001319662.1	43.796	137	74	2	400	804	19	154	3.74e-28	109	62.77	1/0
A_JCVI_13033	NP_172612.2	29.148	223	151	4	262	912	36	257	5.67e-28	112	51.12	1/0
A_JCVI_13033	NP_176213.1	29.435	248	154	5	283	996	138	374	7.64e-28	114	51.61	1/0
A_JCVI_13033	VYS49508.1	29.435	248	154	5	283	996	138	374	8.11e-28	114	51.61	1/0
A_JCVI_13033	NP_001077514.1	29.148	223	151	4	262	912	77	298	2.15e-27	111	51.12	1/0
A_JCVI_13033	CAA0191353.1	29.148	223	151	4	262	912	128	349	2.84e-27	112	51.12	1/0
A_JCVI_13033	NP_001320180.1	29.148	223	151	4	262	912	84	305	2.89e-27	111	51.12	1/0
A_JCVI_13033	VYS59075.1	31.019	216	143	3	244	876	117	331	2.97e-27	112	52.78	1/0
A_JCVI_13033	CAD5324557.1	31.019	216	143	3	244	876	117	331	3.32e-27	112	52.78	1/0
A_JCVI_13033	NP_181483.1	29.870	231	152	2	262	942	120	344	3.62e-27	112	52.38	1/0
A_JCVI_13033	NP_001327320.1	38.298	141	81	1	247	651	121	261	3.75e-27	84.7	58.16	1/0
A_JCVI_13033	NP_001327320.1	77.143	35	8	0	51	155	93	127	3.75e-27	58.2	88.57	3/0
A_JCVI_13033	CAA0375701.1	29.870	231	152	2	262	942	120	344	4.08e-27	112	52.38	1/0
A_JCVI_13033	NP_001320179.1	29.148	223	151	4	262	912	128	349	4.37e-27	112	51.12	1/0
A_JCVI_13033	NP_189653.2	31.019	216	143	3	244	876	117	331	4.57e-27	112	52.78	1/0
A_JCVI_13033	OAP05026.1	31.019	216	143	3	244	876	117	331	4.85e-27	112	52.78	1/0
A_JCVI_13033	CAD5311389.1	29.046	241	160	4	262	966	128	363	4.87e-27	115	51.04	1/0
A_JCVI_13033	CAD5311390.1	29.046	241	160	4	262	966	128	363	5.01e-27	115	51.04	1/0
# blastx
# Iteration: 0
# Query: A_JCVI_8144
# RID: 2885HA25016
# Database: nr
# Fields: query acc.ver, subject acc.ver, % identity, alignment length, mismatches, gap opens, q. start, q. end, s. start, s. end, evalue, bit score, % positives, query/sbjct frames
# 17 hits found
A_JCVI_8144	BAB11233.1	82.609	138	21	2	19	423	119	256	2.33e-62	196	89.86	1/0
A_JCVI_8144	AAM63366.1	86.719	128	16	1	43	423	198	325	8.65e-62	197	92.97	1/0
A_JCVI_8144	NP_568445.1	86.719	128	16	1	43	423	198	325	8.84e-62	197	92.97	1/0
A_JCVI_8144	OAO91004.1	86.719	128	16	1	43	423	198	325	9.23e-62	197	92.97	1/0
A_JCVI_8144	CAA0404571.1	86.719	128	16	1	43	423	198	325	1.09e-61	197	92.97	1/0
A_JCVI_8144	AAM61007.1	56.693	127	55	0	43	423	125	251	6.01e-44	149	74.02	1/0
A_JCVI_8144	OAP02662.1	56.693	127	55	0	43	423	125	251	7.30e-44	149	74.02	1/0
A_JCVI_8144	NP_190505.1	56.693	127	55	0	43	423	125	251	8.15e-43	146	74.02	1/0
A_JCVI_8144	CAD5325295.1	56.693	127	55	0	43	423	709	835	2.27e-40	148	74.02	1/0
A_JCVI_8144	NP_197829.1	48.227	141	73	0	1	423	117	257	1.53e-38	135	63.12	1/0
A_JCVI_8144	CAD5332571.1	49.219	128	64	1	43	423	125	252	1.33e-37	132	67.19	1/0
A_JCVI_8144	AAM61753.1	49.219	128	64	1	43	423	125	252	1.39e-37	132	67.19	1/0
A_JCVI_8144	OAO94124.1	49.219	128	64	1	43	423	126	253	1.43e-37	132	67.19	1/0
A_JCVI_8144	NP_197830.1	49.219	128	64	1	43	423	125	252	1.45e-37	132	67.19	1/0
A_JCVI_8144	NP_001318995.1	46.269	134	65	2	43	423	128	261	1.33e-26	104	62.69	1/0
A_JCVI_8144	CAA0200394.1	46.269	134	65	2	43	423	128	261	1.39e-26	104	62.69	1/0
A_JCVI_8144	OAP19817.1	42.222	135	69	2	43	423	128	261	2.22e-26	103	57.04	1/0
# blastx
# Iteration: 0
# Query: A_JCVI_4506
# RID: 2885HA25016
# Database: nr
# Fields: query acc.ver, subject acc.ver, % identity, alignment length, mismatches, gap opens, q. start, q. end, s. start, s. end, evalue, bit score, % positives, query/sbjct frames
# 101 hits found
A_JCVI_4506	NP_001078622.1	80.749	374	72	0	47	1168	48	421	0.0	613	91.44	2/0
A_JCVI_4506	NP_974835.1	80.749	374	72	0	47	1168	45	418	0.0	613	91.44	2/0
A_JCVI_4506	CAA0404840.1	83.102	361	61	0	89	1171	1	361	0.0	611	93.35	2/0
A_JCVI_4506	NP_197949.2	82.778	360	62	0	89	1168	1	360	0.0	607	93.06	2/0
A_JCVI_4506	BAH20299.1	82.500	360	63	0	89	1168	1	360	0.0	603	92.78	2/0
A_JCVI_4506	CAA0404838.1	96.178	157	6	0	1773	1303	1	157	3.67e-106	319	98.09	-2/0
A_JCVI_4506	6XOD_A	95.541	157	7	0	1773	1303	2	158	5.16e-106	318	98.09	-2/0
A_JCVI_4506	NP_001031939.1	95.541	157	7	0	1773	1303	1	157	5.53e-106	318	98.09	-2/0
A_JCVI_4506	CAD5332696.1	94.898	98	5	0	1773	1480	1	98	7.52e-61	199	97.96	-2/0
A_JCVI_4506	NP_565391.1	41.611	149	79	4	1755	1315	5	147	9.28e-31	119	61.07	-2/0
A_JCVI_4506	AAF24583.1	41.497	147	80	3	1755	1315	5	145	1.43e-30	119	59.18	-2/0
A_JCVI_4506	CAA0269331.1	42.975	121	67	2	1692	1330	29	147	3.89e-30	117	66.12	-2/0
A_JCVI_4506	NP_001190528.1	40.816	147	83	3	1755	1315	5	147	5.19e-30	117	59.86	-2/0
A_JCVI_4506	AAM63450.1	40.816	147	83	3	1755	1315	5	147	6.31e-30	117	59.86	-2/0
A_JCVI_4506	NP_565192.1	41.781	146	81	3	1755	1318	9	150	7.01e-30	117	62.33	-2/0
A_JCVI_4506	NP_849462.1	40.136	147	84	3	1755	1315	5	147	7.84e-30	116	59.86	-2/0
A_JCVI_4506	NP_564011.1	41.781	146	81	3	1755	1318	9	150	1.15e-29	116	61.64	-2/0
A_JCVI_4506	NP_001031228.1	40.816	147	83	3	1755	1315	5	147	1.28e-29	116	59.86	-2/0
A_JCVI_4506	AAG40371.1	38.562	153	90	3	1773	1315	29	177	1.33e-29	117	59.48	-2/0
A_JCVI_4506	NP_567791.1	38.562	153	90	3	1773	1315	29	177	1.42e-29	117	59.48	-2/0
A_JCVI_4506	NP_001189841.1	39.456	147	85	3	1755	1315	5	147	1.91e-29	115	61.22	-2/0
A_JCVI_4506	AAM62889.1	39.456	147	85	3	1755	1315	5	147	5.21e-29	114	59.86	-2/0
A_JCVI_4506	NP_001190447.1	39.456	147	85	3	1755	1315	5	147	6.03e-29	114	59.86	-2/0
A_JCVI_4506	NP_001154445.1	39.610	154	84	4	1755	1315	5	156	8.61e-29	114	58.44	-2/0
A_JCVI_4506	4X57_A	36.875	160	97	3	1794	1315	23	178	8.69e-29	114	56.88	-2/0
A_JCVI_4506	NP_001185017.1	43.846	130	71	2	1707	1318	32	159	9.35e-29	114	63.85	-2/0
A_JCVI_4506	AAL85988.1	39.456	147	85	3	1755	1315	5	147	1.41e-28	113	59.18	-2/0
A_JCVI_4506	NP_568595.2	39.333	150	82	4	1755	1315	5	148	2.13e-28	112	58.67	-2/0
A_JCVI_4506	NP_001325162.1	37.324	142	85	3	1764	1339	5	142	2.26e-28	112	61.97	-2/0
A_JCVI_4506	NP_563951.1	37.324	142	85	3	1764	1339	5	142	3.37e-28	112	61.97	-2/0
A_JCVI_4506	NP_001321618.1	45.690	116	61	2	1665	1318	4	117	4.66e-28	110	68.10	-2/0
A_JCVI_4506	NP_851198.1	38.255	149	84	4	1755	1315	5	147	5.05e-28	111	61.07	-2/0
A_JCVI_4506	NP_849678.1	45.690	116	61	2	1665	1318	4	117	8.31e-28	110	67.24	-2/0
A_JCVI_4506	VYS56712.1	39.456	147	86	3	1755	1315	5	148	1.17e-27	110	59.18	-2/0
A_JCVI_4506	NP_568956.1	39.286	140	77	4	1764	1351	5	138	1.24e-27	110	62.14	-2/0
A_JCVI_4506	AAN28744.1	39.286	140	77	4	1764	1351	5	138	1.30e-27	110	62.14	-2/0
A_JCVI_4506	AAC83026.1	41.549	142	71	4	1755	1357	9	147	1.32e-27	110	60.56	-2/0
A_JCVI_4506	CAD5335639.1	39.286	140	77	4	1764	1351	5	138	1.41e-27	110	62.14	-2/0
A_JCVI_4506	VYS71183.1	39.286	140	77	4	1764	1351	5	138	1.49e-27	110	62.14	-2/0
A_JCVI_4506	NP_001319500.1	39.456	147	86	3	1755	1315	5	148	2.46e-27	109	59.18	-2/0
A_JCVI_4506	OAP03470.1	43.333	120	66	2	1674	1315	1	118	2.72e-27	108	62.50	-2/0
A_JCVI_4506	NP_001154446.1	44.628	121	65	2	1677	1315	71	189	3.07e-27	110	62.81	-2/0
A_JCVI_4506	AAA32896.1	43.697	119	65	2	1671	1315	1	117	4.14e-27	108	62.18	-2/0
A_JCVI_4506	AAK82529.1	39.286	140	77	4	1764	1351	5	138	4.64e-27	108	61.43	-2/0
A_JCVI_4506	CAD5318673.1	42.069	145	76	4	1755	1327	5	143	1.82e-26	117	61.38	-2/0
A_JCVI_4506	NP_001319409.1	45.299	117	61	3	1665	1318	4	118	2.11e-26	106	67.52	-2/0
A_JCVI_4506	NP_199900.1	41.525	118	68	1	1758	1405	5	121	4.96e-26	107	66.10	-2/0
A_JCVI_4506	NP_001190508.1	41.525	118	68	1	1758	1405	5	121	7.32e-26	107	66.10	-2/0
A_JCVI_4506	NP_001319154.1	41.176	119	68	2	1686	1330	32	148	2.76e-25	103	64.71	-2/0
A_JCVI_4506	CAD5322445.1	43.103	116	64	2	1674	1327	1	114	1.19e-23	106	62.93	-2/0
A_JCVI_4506	CAD5322445.1	33.333	174	92	5	1890	1369	112	261	5.23e-19	92.0	52.30	-2/0
A_JCVI_4506	NP_001031298.1	47.525	101	50	2	1755	1453	9	106	2.63e-23	97.1	66.34	-2/0
A_JCVI_4506	NP_001154776.1	46.535	101	51	2	1755	1453	5	102	3.08e-23	96.7	63.37	-2/0
A_JCVI_4506	CAD5314600.1	45.361	97	52	1	1686	1396	32	127	3.86e-23	101	68.04	-2/0
A_JCVI_4506	NP_851116.1	45.545	101	52	2	1755	1453	5	102	6.37e-23	97.1	63.37	-2/0
A_JCVI_4506	NP_001318808.1	42.857	105	53	3	1755	1447	5	104	3.72e-22	93.6	63.81	-2/0
A_JCVI_4506	NP_001078530.1	36.806	144	88	3	1737	1309	17	158	4.47e-22	97.8	59.03	-2/0
A_JCVI_4506	OAP06328.1	37.415	147	87	4	1755	1315	5	146	4.55e-22	94.7	56.46	-2/0
A_JCVI_4506	OAP17051.1	45.263	95	51	1	1686	1402	32	125	8.16e-22	97.8	68.42	-2/0
A_JCVI_4506	CAA0381756.1	37.415	147	86	4	1755	1315	5	145	1.14e-21	93.6	55.78	-2/0
A_JCVI_4506	NP_001078192.1	39.640	111	66	1	1713	1381	7	116	2.43e-21	92.4	58.56	-2/0
A_JCVI_4506	NP_567020.1	32.374	139	80	2	1692	1315	29	166	2.67e-21	93.2	53.24	-2/0
A_JCVI_4506	NP_566653.1	39.640	111	66	1	1713	1381	52	161	4.90e-21	92.8	58.56	-2/0
A_JCVI_4506	CAD5322953.1	37.302	126	76	2	1782	1405	30	152	7.64e-21	92.4	58.73	-2/0
A_JCVI_4506	NP_566459.2	37.302	126	76	2	1782	1405	31	153	7.91e-21	92.4	58.73	-2/0
A_JCVI_4506	AAF87880.1	40.196	102	60	1	1686	1381	63	163	1.72e-20	91.3	61.76	-2/0
A_JCVI_4506	NP_001030691.1	36.885	122	74	2	1782	1417	31	149	2.21e-20	90.5	59.02	-2/0
A_JCVI_4506	NP_568902.3	36.134	119	62	2	1692	1375	28	145	2.29e-20	90.5	55.46	-2/0
A_JCVI_4506	NP_566884.1	36.975	119	61	2	1692	1375	28	145	2.45e-20	90.5	56.30	-2/0
A_JCVI_4506	OAP18340.1	40.196	102	60	1	1686	1381	16	116	2.72e-20	89.4	61.76	-2/0
A_JCVI_4506	NP_564572.1	40.196	102	60	1	1686	1381	60	160	4.48e-20	90.1	61.76	-2/0
A_JCVI_4506	AAL86003.1	36.134	119	62	2	1692	1375	49	166	5.36e-20	90.1	55.46	-2/0
A_JCVI_4506	AAG51188.1	40.196	102	60	1	1686	1381	75	175	6.07e-20	90.1	61.76	-2/0
A_JCVI_4506	AAO64200.1	36.134	119	62	2	1692	1375	65	182	7.90e-20	90.1	55.46	-2/0
A_JCVI_4506	AAM67229.1	40.196	102	60	1	1686	1381	60	160	8.53e-20	89.4	61.76	-2/0
A_JCVI_4506	NP_001318433.1	32.500	120	78	2	1734	1378	11	128	1.32e-18	85.9	59.17	-2/0
A_JCVI_4506	OAP11645.1	32.500	120	78	2	1734	1378	11	128	1.35e-18	85.9	59.17	-2/0
A_JCVI_4506	NP_001324869.1	31.159	138	91	3	1716	1306	20	154	2.60e-18	85.1	55.07	-2/0
A_JCVI_4506	NP_001324871.1	34.211	114	72	2	1716	1378	89	200	2.93e-18	86.7	59.65	-2/0
A_JCVI_4506	OAP11644.1	34.211	114	72	2	1716	1378	89	200	3.13e-18	86.7	59.65	-2/0
A_JCVI_4506	CAD5325018.1	37.069	116	59	2	1692	1384	28	142	3.25e-18	90.9	56.90	-2/0
A_JCVI_4506	NP_564817.2	32.456	114	74	2	1716	1378	17	128	9.74e-18	83.6	59.65	-2/0
A_JCVI_4506	CAA0312895.1	32.456	114	74	2	1716	1378	17	128	1.03e-17	83.6	59.65	-2/0
A_JCVI_4506	NP_001321725.1	32.456	114	74	2	1716	1378	2	113	1.11e-17	82.8	59.65	-2/0
A_JCVI_4506	NP_568589.1	28.767	146	102	2	1737	1303	8	152	1.51e-17	82.8	52.05	-2/0
A_JCVI_4506	CAA0406749.1	28.767	146	102	2	1737	1303	8	152	1.55e-17	82.8	52.05	-2/0
A_JCVI_4506	AAA32900.1	28.767	146	102	2	1737	1303	8	152	1.65e-17	82.8	52.05	-2/0
A_JCVI_4506	CAA0383556.1	44.086	93	47	2	1659	1393	49	140	2.60e-17	86.7	59.14	-2/0
A_JCVI_4506	AAK96485.1	43.011	93	48	2	1659	1393	49	140	5.34e-17	85.5	59.14	-2/0
A_JCVI_4506	NP_566751.1	43.011	93	48	2	1659	1393	49	140	6.51e-17	85.5	59.14	-2/0
A_JCVI_4506	OAP01372.1	41.935	93	49	2	1659	1393	49	140	1.40e-16	84.3	59.14	-2/0
A_JCVI_4506	NP_001325554.1	42.857	91	47	2	1653	1393	76	165	1.47e-16	84.3	59.34	-2/0
A_JCVI_4506	AAG52422.1	38.824	85	51	1	1629	1378	2	86	3.37e-16	77.8	62.35	-2/0
A_JCVI_4506	AAF79390.1	33.898	118	54	3	1656	1372	1	117	4.73e-16	76.6	54.24	-2/0
A_JCVI_4506	NP_001331159.1	33.636	110	71	2	1629	1303	9	117	6.22e-16	77.4	55.45	-2/0
A_JCVI_4506	OAP17773.1	43.678	87	47	2	1578	1318	1	85	2.13e-15	73.6	64.37	-2/0
A_JCVI_4506	NP_565754.1	34.459	148	92	4	1770	1330	28	171	4.09e-15	75.9	58.11	-2/0
A_JCVI_4506	CAA50503.1	30.252	119	78	2	1734	1378	11	124	4.40e-15	75.5	55.46	-2/0
A_JCVI_4506	OAO94264.1	33.636	110	71	2	1629	1303	104	212	4.91e-15	77.0	55.45	-2/0
A_JCVI_4506	NP_001190096.1	46.269	67	35	1	1692	1492	29	94	5.01e-15	76.3	68.66	-2/0
A_JCVI_4506	AAA32901.1	34.831	89	56	1	1734	1468	11	97	6.90e-15	73.9	61.80	-2/0
# blastx
# Iteration: 0
# Query: A_JCVI_11567
# RID: 2885HA25016
# Database: nr
# Fields: query acc.ver, subject acc.ver, % identity, alignment length, mismatches, gap opens, q. start, q. end, s. start, s. end, evalue, bit score, % positives, query/sbjct frames
# 39 hits found
A_JCVI_11567	NP_197752.1	88.084	428	50	1	12	1295	588	1014	0.0	742	92.06	3/0
A_JCVI_11567	OAO95154.1	88.084	428	50	1	12	1295	588	1014	0.0	741	92.06	3/0
A_JCVI_11567	VYS67707.1	87.617	428	52	1	12	1295	588	1014	0.0	739	92.06	3/0
A_JCVI_11567	CAA10660.1	27.692	260	133	7	3	737	490	709	2.30e-12	71.2	40.38	3/0
A_JCVI_11567	OAP15177.1	27.692	260	133	8	3	737	484	703	3.12e-12	70.9	41.54	3/0
A_JCVI_11567	VYS45595.1	27.308	260	134	7	3	737	490	709	7.82e-12	69.7	40.00	3/0
A_JCVI_11567	CAA0185913.1	27.308	260	134	7	3	737	490	709	8.17e-12	69.3	40.00	3/0
A_JCVI_11567	AAT68271.1	27.308	260	133	8	3	737	490	708	8.39e-12	69.3	40.77	3/0
A_JCVI_11567	CAD5312277.1	27.308	260	134	7	3	737	529	748	9.86e-12	69.3	40.00	3/0
A_JCVI_11567	NP_563860.1	27.308	260	134	7	3	737	490	709	1.58e-11	68.6	40.00	3/0
A_JCVI_11567	AAD29961.1	27.308	260	134	7	3	737	490	709	1.59e-11	68.6	40.00	3/0
A_JCVI_11567	ABJ90445.1	25.556	270	142	10	6	737	508	744	8.26e-09	60.1	43.33	3/0
A_JCVI_11567	VYS61432.1	25.556	270	142	10	6	737	510	746	8.52e-09	60.1	43.33	3/0
A_JCVI_11567	OAO97862.1	25.556	270	142	10	6	737	510	746	1.09e-08	59.7	43.33	3/0
A_JCVI_11567	NP_001329712.1	25.556	270	142	10	6	737	508	744	1.16e-08	59.7	43.33	3/0
A_JCVI_11567	ABJ90444.1	25.468	267	140	10	15	737	230	463	1.20e-08	59.3	43.45	3/0
A_JCVI_11567	CAA0392889.1	25.556	270	142	10	6	737	510	746	1.22e-08	59.3	43.33	3/0
A_JCVI_11567	BAH19996.1	26.804	194	102	5	156	737	25	178	4.56e-08	57.0	41.24	3/0
A_JCVI_11567	VYS45327.1	23.616	271	145	8	6	737	513	748	1.59e-07	55.8	38.75	3/0
A_JCVI_11567	OAP15076.1	23.985	271	144	9	6	737	513	748	1.63e-07	55.8	39.11	3/0
A_JCVI_11567	NP_001321027.1	23.616	271	145	8	6	737	513	748	1.64e-07	55.8	38.75	3/0
A_JCVI_11567	CAA0176373.1	23.985	271	144	9	6	737	513	748	1.70e-07	55.8	39.11	3/0
A_JCVI_11567	OAP12923.1	23.985	271	144	9	6	737	513	748	3.02e-07	55.1	38.75	3/0
A_JCVI_11567	CAA0176847.1	23.985	271	144	9	6	737	513	748	3.02e-07	55.1	38.75	3/0
A_JCVI_11567	CAD5326752.1	25.188	266	140	10	6	725	510	742	6.11e-07	53.9	42.48	3/0
A_JCVI_11567	NP_172259.1	23.616	271	145	8	6	737	513	748	7.64e-07	53.9	38.01	3/0
A_JCVI_11567	AAD29957.1	23.247	271	146	8	6	737	231	466	1.12e-06	53.1	38.38	3/0
A_JCVI_11567	ABJ90443.1	22.878	271	147	8	6	737	513	748	2.05e-06	52.4	38.38	3/0
A_JCVI_11567	NP_188931.1	23.116	199	101	4	156	737	613	764	5.45e-05	47.8	40.70	3/0
A_JCVI_11567	CAD5323875.1	23.116	199	101	4	156	737	613	764	5.60e-05	47.8	40.70	3/0
A_JCVI_11567	CAA0383373.1	23.116	199	101	4	156	737	613	764	5.69e-05	47.8	40.70	3/0
A_JCVI_11567	OAP04221.1	23.116	199	101	4	156	737	613	764	5.74e-05	47.8	40.70	3/0
A_JCVI_11567	NP_176191.1	25.087	287	169	11	15	737	576	862	2.20e-04	45.8	39.37	3/0
A_JCVI_11567	AAD39325.1	24.632	272	160	10	57	737	591	862	2.35e-04	45.8	39.71	3/0
A_JCVI_11567	AAM91535.1	43.478	46	26	0	600	737	17	62	0.002	42.7	60.87	3/0
A_JCVI_11567	CAA70946.1	43.478	46	26	0	600	737	75	120	0.002	42.7	60.87	3/0
A_JCVI_11567	NP_191897.1	23.429	175	86	4	234	737	635	768	0.016	40.0	39.43	3/0
A_JCVI_11567	AAO64912.1	23.429	175	86	4	234	737	635	768	0.016	40.0	39.43	3/0
A_JCVI_11567	CAD5326635.1	23.429	175	86	4	234	737	357	490	0.017	39.7	39.43	3/0
# blastx
# Iteration: 0
# Query: A_JCVI_3734
# RID: 2885HA25016
# Database: nr
# Fields: query acc.ver, subject acc.ver, % identity, alignment length, mismatches, gap opens, q. start, q. end, s. start, s. end, evalue, bit score, % positives, query/sbjct frames
# 9 hits found
A_JCVI_3734	OAO91766.1	79.352	247	51	0	2	742	47	293	1.15e-146	424	89.07	2/0
A_JCVI_3734	CAA0405108.1	79.352	247	51	0	2	742	47	293	2.82e-146	423	89.07	2/0
A_JCVI_3734	CAA90515.1	78.862	246	52	0	5	742	19	264	2.64e-145	420	88.62	2/0
A_JCVI_3734	BAE99234.1	78.862	246	52	0	5	742	37	282	2.70e-145	420	88.62	2/0
A_JCVI_3734	NP_568495.2	78.862	246	52	0	5	742	48	293	5.66e-145	420	88.62	2/0
A_JCVI_3734	CAB51027.1	78.543	247	53	0	2	742	47	293	1.32e-144	419	88.26	2/0
A_JCVI_3734	AAA64781.1	80.603	232	45	0	47	742	1	232	1.01e-140	407	90.95	2/0
A_JCVI_3734	CAD5332819.1	80.603	232	45	0	47	742	1	232	2.51e-140	406	90.95	2/0
A_JCVI_3734	CAA58318.1	80.172	232	46	0	47	742	1	232	1.59e-139	404	90.52	2/0
# blastx
# Iteration: 0
# Query: A_JCVI_5227
# RID: 2885HA25016
# Database: nr
# Fields: query acc.ver, subject acc.ver, % identity, alignment length, mismatches, gap opens, q. start, q. end, s. start, s. end, evalue, bit score, % positives, query/sbjct frames
# 101 hits found
A_JCVI_5227	NP_176761.1	83.710	221	36	0	44	706	1	221	2.86e-133	384	90.05	2/0
A_JCVI_5227	OAP12743.1	83.710	221	36	0	44	706	1	221	4.98e-133	384	90.05	2/0
A_JCVI_5227	NP_001321026.1	81.532	222	40	1	44	706	1	222	3.63e-131	377	90.54	2/0
A_JCVI_5227	NP_176444.1	81.532	222	40	1	44	706	1	222	7.57e-130	376	90.54	2/0
A_JCVI_5227	OAP12395.1	81.081	222	41	1	44	706	1	222	2.04e-129	375	90.54	2/0
A_JCVI_5227	VYS49775.1	86.425	221	30	0	44	706	1	221	7.73e-128	370	90.95	2/0
A_JCVI_5227	CAA0309887.1	86.425	221	30	0	44	706	1	221	1.00e-127	370	91.40	2/0
A_JCVI_5227	NP_001320895.1	86.425	221	30	0	44	706	1	221	1.06e-127	370	90.95	2/0
A_JCVI_5227	NP_564796.1	86.425	221	30	0	44	706	1	221	2.13e-127	370	90.95	2/0
A_JCVI_5227	NP_001320894.1	86.425	221	30	0	44	706	1	221	3.21e-127	370	90.95	2/0
A_JCVI_5227	CAA0309891.1	76.087	230	46	2	44	706	1	230	1.96e-122	357	86.09	2/0
A_JCVI_5227	OAP18709.1	85.507	207	30	0	44	664	1	207	8.91e-120	341	90.82	2/0
A_JCVI_5227	VYS49777.1	77.828	221	49	0	44	706	1	221	6.83e-117	343	89.59	2/0
A_JCVI_5227	OAP15384.1	77.828	221	49	0	44	706	1	221	7.21e-117	343	89.59	2/0
A_JCVI_5227	CAA0309920.1	77.828	221	49	0	44	706	1	221	7.70e-117	343	89.59	2/0
A_JCVI_5227	CAD5316093.1	77.828	221	49	0	44	706	1	221	7.78e-117	343	89.59	2/0
A_JCVI_5227	NP_564797.1	77.828	221	49	0	44	706	1	221	7.95e-117	343	89.59	2/0
A_JCVI_5227	CAD5316092.1	77.990	209	45	1	44	667	1	209	1.46e-116	341	89.00	2/0
A_JCVI_5227	NP_001323223.1	78.378	222	47	1	44	706	1	222	5.57e-115	338	88.74	2/0
A_JCVI_5227	NP_001077522.1	77.477	222	47	2	44	706	1	220	2.18e-111	329	87.84	2/0
A_JCVI_5227	CAA0194160.1	69.643	224	65	1	44	706	1	224	7.66e-103	307	83.48	2/0
A_JCVI_5227	VYS45819.1	69.196	224	66	1	44	706	1	224	7.99e-102	305	83.04	2/0
A_JCVI_5227	OAP16583.1	68.750	224	67	1	44	706	1	224	2.01e-101	304	83.04	2/0
A_JCVI_5227	NP_172680.1	68.692	214	62	2	71	703	9	220	6.82e-101	302	82.71	2/0
A_JCVI_5227	CAD5312496.1	68.224	214	63	2	71	703	9	220	2.56e-100	300	81.78	2/0
A_JCVI_5227	NP_172677.1	68.750	224	67	1	44	706	1	224	4.06e-100	300	82.14	2/0
A_JCVI_5227	CAA0194338.1	68.224	214	63	2	71	703	9	220	5.47e-100	300	81.78	2/0
A_JCVI_5227	VYS45822.1	68.224	214	63	2	71	703	9	220	5.84e-100	300	81.78	2/0
A_JCVI_5227	OAP13291.1	68.224	214	63	2	71	703	9	220	6.30e-100	300	81.78	2/0
A_JCVI_5227	CAD5316098.1	65.487	226	72	3	44	706	1	225	1.41e-98	296	78.32	2/0
A_JCVI_5227	CAA0309988.1	65.487	226	72	3	44	706	1	225	1.68e-98	296	78.32	2/0
A_JCVI_5227	NP_001320337.1	64.159	226	75	3	44	706	1	225	3.89e-98	291	77.43	2/0
A_JCVI_5227	NP_001323101.1	64.602	226	74	3	44	706	1	225	4.61e-98	293	77.88	2/0
A_JCVI_5227	AAD43614.1	70.852	223	53	3	44	706	1	213	1.57e-97	293	82.96	2/0
A_JCVI_5227	NP_176450.2	64.602	226	74	3	44	706	1	225	4.79e-97	292	77.88	2/0
A_JCVI_5227	AAF19700.1	64.159	226	75	3	44	706	1	225	1.06e-96	292	77.43	2/0
A_JCVI_5227	NP_176526.1	64.159	226	75	3	44	706	1	225	1.15e-96	291	77.43	2/0
A_JCVI_5227	VYS49782.1	64.602	226	74	3	44	706	1	225	2.52e-96	290	77.43	2/0
A_JCVI_5227	CAA0312045.1	64.602	226	74	3	44	706	1	225	3.42e-96	290	77.43	2/0
A_JCVI_5227	AAD43619.1	62.393	234	74	4	44	706	1	233	5.31e-94	285	75.21	2/0
A_JCVI_5227	AAG52151.1	61.966	234	75	4	44	706	1	233	8.37e-94	284	75.21	2/0
A_JCVI_5227	NP_001322976.1	66.520	227	70	3	44	706	1	227	3.19e-93	280	78.85	2/0
A_JCVI_5227	NP_001323033.1	67.580	219	64	2	68	706	10	227	1.05e-92	279	80.37	2/0
A_JCVI_5227	NP_176448.1	66.520	227	70	3	44	706	1	227	1.61e-92	280	78.85	2/0
A_JCVI_5227	CAA0312092.1	66.667	228	68	4	44	706	1	227	2.19e-92	280	79.39	2/0
A_JCVI_5227	OAP13486.1	66.228	228	69	4	44	706	1	227	8.38e-92	279	78.95	2/0
A_JCVI_5227	NP_172684.1	67.580	219	64	2	68	706	10	227	1.01e-91	279	80.37	2/0
A_JCVI_5227	AAM61259.1	66.228	228	69	4	44	706	1	227	1.54e-91	278	78.95	2/0
A_JCVI_5227	VYS49789.1	65.789	228	70	4	44	706	1	227	1.30e-88	276	78.51	2/0
A_JCVI_5227	NP_176523.4	64.889	225	72	4	44	706	1	222	1.22e-87	267	78.22	2/0
A_JCVI_5227	VYS49787.1	66.197	213	67	3	44	670	1	212	1.36e-87	265	79.34	2/0
A_JCVI_5227	Q9C8T8.3	64.444	225	73	4	44	706	1	222	3.82e-87	266	78.22	2/0
A_JCVI_5227	VYS49778.1	66.667	225	70	3	44	706	1	224	9.44e-86	263	80.00	2/0
A_JCVI_5227	NP_001321123.1	66.222	225	71	3	44	706	1	224	4.17e-85	262	79.56	2/0
A_JCVI_5227	CAA0309950.1	64.789	213	70	3	44	670	1	212	5.58e-84	257	78.87	2/0
A_JCVI_5227	CAA0310061.1	66.176	204	65	2	68	670	203	405	1.08e-83	261	80.39	2/0
A_JCVI_5227	NP_001321124.1	62.869	237	71	4	44	706	1	236	1.27e-82	252	75.53	2/0
A_JCVI_5227	NP_176446.1	62.869	237	71	4	44	706	1	236	2.22e-81	253	75.53	2/0
A_JCVI_5227	CAA0312057.1	64.171	187	61	3	44	589	1	186	3.12e-77	233	75.40	2/0
A_JCVI_5227	AAG52152.1	64.103	195	65	3	44	616	1	194	9.91e-72	226	77.44	2/0
A_JCVI_5227	CAA0311904.1	55.844	231	68	4	44	706	1	207	9.26e-70	221	67.97	2/0
A_JCVI_5227	AAD43617.1	65.957	188	58	3	44	589	1	188	1.90e-69	220	77.13	2/0
A_JCVI_5227	CAA0311960.1	65.591	186	60	2	68	616	698	882	1.19e-67	226	79.03	2/0
A_JCVI_5227	OAP15197.1	63.095	168	58	2	122	616	613	779	7.62e-63	213	76.19	2/0
A_JCVI_5227	OAP15197.1	58.333	60	24	1	530	706	459	518	1.94e-06	50.4	68.33	2/0
A_JCVI_5227	NP_196397.1	52.212	226	86	7	71	703	13	231	6.67e-62	202	62.83	2/0
A_JCVI_5227	VYS66200.1	52.212	226	86	7	71	703	13	231	9.20e-62	201	62.83	2/0
A_JCVI_5227	NP_200937.1	52.252	222	90	6	71	703	13	229	5.66e-61	199	63.06	2/0
A_JCVI_5227	NP_001319303.1	66.875	160	46	3	44	505	1	159	1.74e-60	189	78.75	2/0
A_JCVI_5227	CAD5335517.1	52.036	221	91	6	71	703	14	229	2.50e-60	197	62.90	2/0
A_JCVI_5227	CAA0411260.1	51.802	222	92	6	68	703	12	228	2.98e-60	197	62.61	2/0
A_JCVI_5227	OAO96107.1	52.036	221	91	6	71	703	14	229	4.29e-60	197	62.90	2/0
A_JCVI_5227	BAF00046.1	65.734	143	42	2	296	706	1	142	1.21e-55	184	76.92	2/0
A_JCVI_5227	CAD5331110.1	50.698	215	84	7	71	670	13	220	2.88e-55	184	61.86	2/0
A_JCVI_5227	OAP14102.1	60.204	98	34	2	428	706	1	98	3.80e-31	118	74.49	2/0
A_JCVI_5227	OAP15581.1	59.184	98	35	2	428	706	1	98	6.41e-31	118	74.49	2/0
A_JCVI_5227	CAD5329746.1	28.755	233	128	7	11	703	2	198	5.85e-19	86.7	44.64	2/0
A_JCVI_5227	NP_194980.1	28.755	233	128	7	11	703	2	198	1.15e-18	85.9	44.64	2/0
A_JCVI_5227	OAP00458.1	28.755	233	128	7	11	703	2	198	1.18e-18	85.9	44.64	2/0
A_JCVI_5227	NP_001329230.1	28.755	233	128	7	11	703	2	198	1.25e-18	85.9	44.64	2/0
A_JCVI_5227	CAA0163382.1	28.986	207	118	5	86	703	27	205	6.57e-18	83.6	46.38	2/0
A_JCVI_5227	NP_194601.1	25.877	228	134	5	44	703	8	208	7.18e-18	83.6	45.18	2/0
A_JCVI_5227	OAO91776.1	26.923	208	122	5	86	703	26	205	8.86e-18	81.6	43.27	2/0
A_JCVI_5227	NP_171914.1	28.986	207	118	5	86	703	27	205	1.22e-17	82.8	45.89	2/0
A_JCVI_5227	OAO91774.1	26.923	208	122	5	86	703	26	205	5.89e-17	80.9	43.27	2/0
A_JCVI_5227	NP_197944.2	26.923	208	122	5	86	703	34	213	6.33e-17	80.9	43.27	2/0
A_JCVI_5227	CAD5332690.1	27.053	207	121	5	86	700	26	204	6.35e-17	80.9	43.48	2/0
A_JCVI_5227	NP_001190399.2	26.923	208	122	5	86	703	34	213	7.06e-17	80.9	43.27	2/0
A_JCVI_5227	NP_199202.1	26.667	210	122	5	86	703	27	208	1.48e-14	73.9	43.81	2/0
A_JCVI_5227	BAD95320.1	43.396	53	29	1	68	223	116	168	4.42e-07	52.0	69.81	2/0
A_JCVI_5227	OAO96247.1	43.396	53	29	1	68	223	1498	1550	1.42e-06	50.8	69.81	2/0
A_JCVI_5227	CAD5334783.1	43.396	53	29	1	68	223	1472	1524	1.58e-06	50.8	69.81	2/0
A_JCVI_5227	NP_001190529.1	43.396	53	29	1	68	223	1844	1896	1.60e-06	50.8	69.81	2/0
A_JCVI_5227	OAO96248.1	43.396	53	29	1	68	223	1844	1896	1.60e-06	50.8	69.81	2/0
A_JCVI_5227	BAA97323.1	43.396	53	29	1	68	223	1852	1904	1.60e-06	50.8	69.81	2/0
A_JCVI_5227	CAA0409545.1	43.396	53	29	1	68	223	1844	1896	1.62e-06	50.8	69.81	2/0
A_JCVI_5227	NP_187650.4	47.458	59	28	2	50	226	179	234	5.21e-05	45.8	64.41	2/0
A_JCVI_5227	AAF02805.1	45.763	59	29	2	50	226	231	286	8.03e-05	45.4	62.71	2/0
A_JCVI_5227	NP_001326316.1	45.763	59	29	2	50	226	179	234	8.34e-05	45.4	62.71	2/0
A_JCVI_5227	AAX51267.1	45.763	59	29	2	50	226	179	234	8.34e-05	45.4	62.71	2/0
A_JCVI_5227	CAA0381940.1	45.763	59	29	2	50	226	231	286	9.63e-05	45.1	62.71	2/0
# blastx
# Iteration: 0
# Query: A_JCVI_13136
# RID: 2885HA25016
# Database: nr
# Fields: query acc.ver, subject acc.ver, % identity, alignment length, mismatches, gap opens, q. start, q. end, s. start, s. end, evalue, bit score, % positives, query/sbjct frames
# 11 hits found
A_JCVI_13136	NP_201087.3	73.285	277	64	5	89	895	1	275	6.02e-85	265	78.70	2/0
A_JCVI_13136	BAB17667.1	73.285	277	64	5	89	895	1	275	6.29e-85	265	78.70	2/0
A_JCVI_13136	OAO96384.1	72.924	277	65	5	89	895	1	275	4.60e-84	263	78.34	2/0
A_JCVI_13136	CAC14740.1	72.202	277	67	5	89	895	1	275	2.28e-82	258	78.34	2/0
A_JCVI_13136	AAM20492.1	85.496	131	19	0	503	895	18	148	3.73e-42	150	92.37	2/0
A_JCVI_13136	CAD5324667.1	79.167	72	14	1	161	373	21	92	3.58e-30	112	86.11	2/0
A_JCVI_13136	BAB10849.1	63.158	38	8	2	170	265	181	218	0.005	39.7	68.42	2/0
A_JCVI_13136	CAA0411591.1	63.158	38	8	2	170	265	295	332	0.007	39.7	68.42	2/0
A_JCVI_13136	NP_201086.1	63.158	38	8	2	170	265	306	343	0.007	39.7	68.42	2/0
A_JCVI_13136	NP_001331378.1	63.158	38	8	2	170	265	272	309	0.007	39.7	68.42	2/0
A_JCVI_13136	OAO91941.1	63.158	38	8	2	170	265	306	343	0.008	39.7	68.42	2/0
# blastx
# Iteration: 0
# Query: A_JCVI_16204
# RID: 2885HA25016
# Database: nr
# Fields: query acc.ver, subject acc.ver, % identity, alignment length, mismatches, gap opens, q. start, q. end, s. start, s. end, evalue, bit score, % positives, query/sbjct frames
# 11 hits found
A_JCVI_16204	CAD5332511.1	87.665	227	27	1	34	711	1	227	3.65e-138	389	91.19	1/0
A_JCVI_16204	NP_197780.1	86.957	230	28	2	34	720	1	229	6.44e-137	386	91.30	1/0
A_JCVI_16204	VYS67737.1	86.344	227	30	1	34	711	1	227	4.02e-136	384	89.87	1/0
A_JCVI_16204	CAA0409325.1	40.969	227	128	5	34	705	14	237	5.82e-51	168	60.79	1/0
A_JCVI_16204	AAK83611.1	42.929	198	109	3	121	705	43	239	3.51e-50	166	64.65	1/0
A_JCVI_16204	NP_568771.1	42.424	198	110	3	121	705	43	239	1.28e-49	165	64.14	1/0
A_JCVI_16204	CAD5334689.1	40.529	227	129	5	34	705	14	237	4.10e-49	163	60.35	1/0
A_JCVI_16204	CAA0249041.1	34.466	206	126	4	115	711	44	247	1.04e-25	103	50.00	1/0
A_JCVI_16204	NP_174120.1	34.466	206	126	4	115	711	44	247	1.13e-25	103	50.00	1/0
A_JCVI_16204	CAD5313874.1	34.483	203	124	4	124	711	314	514	2.67e-24	103	50.25	1/0
A_JCVI_16204	OAP19447.1	34.483	203	124	4	124	711	426	626	5.00e-24	102	50.25	1/0
# blastx
# Iteration: 0
# Query: A_JCVI_5195
# RID: 2885HA25016
# Database: nr
# Fields: query acc.ver, subject acc.ver, % identity, alignment length, mismatches, gap opens, q. start, q. end, s. start, s. end, evalue, bit score, % positives, query/sbjct frames
# 100 hits found
A_JCVI_5195	NP_197748.1	90.076	262	26	0	57	842	1	262	1.79e-165	469	94.27	3/0
A_JCVI_5195	OAO89946.1	89.695	262	27	0	57	842	1	262	5.65e-165	468	94.27	3/0
A_JCVI_5195	CAA0404388.1	89.695	262	27	0	57	842	1	262	5.71e-165	468	94.27	3/0
A_JCVI_5195	VYS67703.1	89.313	262	28	0	57	842	1	262	8.67e-164	465	93.89	3/0
A_JCVI_5195	NP_174807.1	72.180	266	73	1	51	845	2	267	4.50e-127	372	82.33	3/0
A_JCVI_5195	OAP12436.1	72.180	266	73	1	51	845	2	267	5.13e-127	372	82.33	3/0
A_JCVI_5195	BAA04830.1	72.180	266	73	1	51	845	2	267	5.48e-127	372	82.33	3/0
A_JCVI_5195	CAA0268081.1	72.180	266	73	1	51	845	2	267	6.52e-127	371	82.33	3/0
A_JCVI_5195	NP_192695.1	73.622	254	67	0	84	845	13	266	2.45e-124	365	83.86	3/0
A_JCVI_5195	NP_181425.1	64.388	278	96	1	6	839	99	373	6.44e-120	357	79.86	3/0
A_JCVI_5195	NP_001326044.1	64.234	274	98	0	18	839	152	425	2.54e-114	344	77.37	3/0
A_JCVI_5195	CAA0381976.1	64.234	274	98	0	18	839	152	425	3.33e-114	344	77.37	3/0
A_JCVI_5195	NP_196107.1	67.578	256	83	0	72	839	134	389	4.62e-113	340	79.69	3/0
A_JCVI_5195	NP_001324056.1	66.926	257	85	0	69	839	68	324	3.54e-112	335	78.60	3/0
A_JCVI_5195	OAP08681.1	66.926	257	85	0	69	839	68	324	4.04e-112	335	78.60	3/0
A_JCVI_5195	CAD5318725.1	66.926	257	85	0	69	839	68	324	4.46e-112	336	78.60	3/0
A_JCVI_5195	BAA05918.1	66.148	257	87	0	69	839	7	263	1.44e-111	332	78.21	3/0
A_JCVI_5195	CAD5330839.1	67.578	256	83	0	72	839	315	570	7.82e-111	339	79.69	3/0
A_JCVI_5195	CAA0397567.1	65.370	257	89	0	69	839	76	332	1.41e-110	332	78.99	3/0
A_JCVI_5195	NP_001329080.1	65.370	257	89	0	69	839	80	336	1.88e-110	332	78.99	3/0
A_JCVI_5195	CAA0397885.1	61.649	279	105	1	3	839	17	293	2.24e-110	330	75.63	3/0
A_JCVI_5195	NP_001190949.1	61.649	279	105	1	3	839	17	293	2.93e-110	330	75.63	3/0
A_JCVI_5195	OAO99190.1	66.008	253	86	0	81	839	11	263	3.10e-110	328	79.45	3/0
A_JCVI_5195	NP_001190950.1	66.008	253	86	0	81	839	11	263	3.81e-110	328	79.45	3/0
A_JCVI_5195	NP_196779.1	65.179	224	78	0	168	839	89	312	8.49e-109	326	79.46	3/0
A_JCVI_5195	AAL59948.1	65.179	224	78	0	168	839	89	312	8.49e-109	326	79.46	3/0
A_JCVI_5195	CAD5331483.1	65.179	224	78	0	168	839	91	314	1.18e-108	326	79.46	3/0
A_JCVI_5195	VYS67330.1	62.698	252	94	0	84	839	56	307	3.28e-108	325	77.38	3/0
A_JCVI_5195	OAO91453.1	62.698	252	94	0	84	839	56	307	5.06e-108	324	77.38	3/0
A_JCVI_5195	CAA0403639.1	64.732	224	79	0	168	839	84	307	5.57e-108	324	79.02	3/0
A_JCVI_5195	NP_197437.1	64.732	224	79	0	168	839	84	307	5.82e-108	324	79.02	3/0
A_JCVI_5195	NP_194096.1	65.333	225	78	0	168	842	94	318	8.68e-108	324	81.33	3/0
A_JCVI_5195	CAD5328836.1	65.333	225	78	0	168	842	94	318	9.14e-108	323	81.33	3/0
A_JCVI_5195	NP_001318361.1	64.159	226	81	0	168	845	148	373	2.57e-107	322	80.97	3/0
A_JCVI_5195	AAK96512.1	64.889	225	79	0	168	842	94	318	3.55e-107	322	81.33	3/0
A_JCVI_5195	CAA0397884.1	61.649	279	105	1	3	839	518	794	2.12e-105	330	75.63	3/0
A_JCVI_5195	OAP11790.1	63.717	226	81	1	168	842	114	339	2.56e-104	315	81.86	3/0
A_JCVI_5195	NP_176386.2	63.717	226	81	1	168	842	114	339	3.01e-104	315	81.86	3/0
A_JCVI_5195	CAD5327121.1	62.832	226	84	0	168	845	53	278	5.64e-104	313	79.65	3/0
A_JCVI_5195	NP_001329845.1	62.222	225	85	0	171	845	119	343	7.46e-104	312	79.11	3/0
A_JCVI_5195	NP_001320822.1	62.780	223	83	0	171	839	129	351	1.36e-103	312	78.92	3/0
A_JCVI_5195	NP_001320604.1	62.946	224	83	0	168	839	89	312	1.64e-103	311	78.57	3/0
A_JCVI_5195	OAP18068.1	62.222	225	85	0	171	845	129	353	1.86e-103	313	78.67	3/0
A_JCVI_5195	NP_974150.2	62.780	223	83	0	171	839	129	351	2.07e-103	313	78.92	3/0
A_JCVI_5195	CAA0337250.1	62.222	225	85	0	171	845	102	326	2.20e-103	313	78.67	3/0
A_JCVI_5195	Q8RWL2.2	62.780	223	83	0	171	839	102	324	2.59e-103	312	78.92	3/0
A_JCVI_5195	NP_193925.1	62.222	225	85	0	171	845	119	343	2.66e-103	313	79.11	3/0
A_JCVI_5195	CAD5315160.1	62.946	224	83	0	168	839	89	312	3.32e-103	312	78.57	3/0
A_JCVI_5195	NP_175485.1	62.946	224	83	0	168	839	89	312	3.59e-103	311	78.57	3/0
A_JCVI_5195	CAD5314557.1	76.316	190	45	0	276	845	1	190	3.63e-103	308	85.79	3/0
A_JCVI_5195	CAA0284647.1	62.946	224	83	0	168	839	89	312	3.70e-103	311	78.57	3/0
A_JCVI_5195	NP_001319867.1	62.832	226	84	0	168	845	96	321	3.75e-103	312	79.65	3/0
A_JCVI_5195	AAK92828.1	62.832	226	84	0	168	845	96	321	3.83e-103	312	79.65	3/0
A_JCVI_5195	VYS48698.1	62.946	224	83	0	168	839	89	312	4.26e-103	311	78.57	3/0
A_JCVI_5195	NP_001327803.1	62.500	224	84	0	168	839	107	330	4.35e-103	312	78.12	3/0
A_JCVI_5195	NP_001190794.1	62.222	225	85	0	171	845	119	343	5.30e-103	312	79.11	3/0
A_JCVI_5195	NP_568281.1	63.111	225	83	0	168	842	75	299	6.12e-103	311	79.11	3/0
A_JCVI_5195	CAA0393704.1	62.832	226	84	0	168	845	96	321	6.16e-103	311	79.65	3/0
A_JCVI_5195	CAD5331514.1	63.111	225	83	0	168	842	75	299	6.67e-103	311	79.11	3/0
A_JCVI_5195	NP_001320603.1	62.946	224	83	0	168	839	89	312	1.01e-102	311	78.57	3/0
A_JCVI_5195	CAD5323634.1	62.500	224	84	0	168	839	107	330	2.39e-102	311	78.12	3/0
A_JCVI_5195	AAC28510.1	63.158	228	81	2	168	842	114	341	2.75e-102	310	81.14	3/0
A_JCVI_5195	BAE99123.1	62.222	225	85	0	168	842	18	242	2.82e-102	308	78.22	3/0
A_JCVI_5195	CAA0403657.1	62.222	225	85	0	168	842	73	297	1.76e-101	308	78.22	3/0
A_JCVI_5195	NP_197446.1	62.222	225	85	0	168	842	73	297	1.80e-101	308	78.22	3/0
A_JCVI_5195	CAD5321092.1	62.500	224	84	0	168	839	70	293	1.97e-101	300	77.23	3/0
A_JCVI_5195	BAE98496.1	60.643	249	98	0	96	842	55	303	2.98e-101	302	75.50	3/0
A_JCVI_5195	AAF14337.1	62.222	225	85	0	168	842	27	251	3.09e-101	298	75.56	3/0
A_JCVI_5195	NP_001326797.1	60.643	249	98	0	96	842	55	303	1.84e-100	301	75.50	3/0
A_JCVI_5195	CAA0393700.1	62.500	224	84	0	168	839	85	308	2.91e-100	304	76.79	3/0
A_JCVI_5195	NP_181717.3	62.500	224	84	0	168	839	70	293	5.93e-100	304	77.23	3/0
A_JCVI_5195	OAO98014.1	62.500	224	84	0	168	839	85	308	6.07e-100	303	76.79	3/0
A_JCVI_5195	ABK28533.1	62.500	224	84	0	168	839	70	293	7.09e-100	303	77.23	3/0
A_JCVI_5195	VYS55230.1	62.500	224	84	0	168	839	70	293	7.20e-100	303	77.23	3/0
A_JCVI_5195	NP_973661.1	62.500	224	84	0	168	839	70	293	8.11e-100	303	77.23	3/0
A_JCVI_5195	AAO42812.1	60.236	254	100	1	84	842	50	303	1.05e-99	303	75.98	3/0
A_JCVI_5195	CAD5326092.1	60.643	249	98	0	96	842	55	303	1.64e-99	303	75.50	3/0
A_JCVI_5195	CAA0387024.1	60.643	249	98	0	96	842	55	303	2.06e-99	303	75.50	3/0
A_JCVI_5195	NP_191312.2	60.643	249	98	0	96	842	55	303	2.15e-99	303	75.50	3/0
A_JCVI_5195	CAD5317328.1	62.222	225	85	0	171	845	102	326	3.53e-99	311	78.67	3/0
A_JCVI_5195	NP_001326348.1	60.324	247	98	0	102	842	48	294	4.64e-99	298	77.33	3/0
A_JCVI_5195	CAB66110.1	60.643	249	98	0	96	842	55	303	5.77e-99	302	75.50	3/0
A_JCVI_5195	AAF26765.1	62.780	223	83	0	171	839	129	351	9.78e-99	311	78.92	3/0
A_JCVI_5195	NP_177612.2	62.667	225	84	0	168	842	75	299	1.21e-98	301	76.00	3/0
A_JCVI_5195	AAA99794.1	60.324	247	98	0	102	842	48	294	5.57e-98	298	77.33	3/0
A_JCVI_5195	NP_001326349.1	60.324	247	98	0	102	842	48	294	1.05e-97	297	77.33	3/0
A_JCVI_5195	AAL32617.1	60.324	247	98	0	102	842	48	294	1.06e-97	298	77.33	3/0
A_JCVI_5195	BAA04829.1	62.667	225	84	0	168	842	27	251	1.25e-97	296	76.44	3/0
A_JCVI_5195	NP_190753.2	60.324	247	98	0	102	842	48	294	1.27e-97	298	77.33	3/0
A_JCVI_5195	OAP00690.1	55.556	252	85	1	171	845	119	370	2.03e-97	299	70.63	3/0
A_JCVI_5195	CAA0219960.1	60.236	254	100	1	84	842	50	303	3.11e-97	297	75.59	3/0
A_JCVI_5195	OAP19692.1	60.236	254	100	1	84	842	50	303	3.58e-97	297	75.59	3/0
A_JCVI_5195	CAD5327120.1	63.393	224	82	0	168	839	85	308	3.81e-97	296	76.34	3/0
A_JCVI_5195	NP_564066.2	60.236	254	100	1	84	842	50	303	4.11e-97	297	75.59	3/0
A_JCVI_5195	CAD5313128.1	60.236	254	100	1	84	842	50	303	4.14e-97	297	75.59	3/0
A_JCVI_5195	NP_001190672.1	62.946	224	83	0	168	839	85	308	5.04e-97	296	76.34	3/0
A_JCVI_5195	NP_001319868.1	62.946	224	83	0	168	839	85	308	9.33e-97	295	76.34	3/0
A_JCVI_5195	CAD5328668.1	55.556	252	85	1	171	845	293	544	2.90e-95	298	70.63	3/0
A_JCVI_5195	VYS49710.1	65.829	199	67	1	249	842	128	326	3.84e-95	291	84.42	3/0
A_JCVI_5195	CAA0308569.1	66.332	199	66	1	249	842	128	326	5.10e-95	292	84.42	3/0
# blastx
# Iteration: 0
# Query: A_JCVI_22968
# RID: 2885HA25016
# Database: nr
# Fields: query acc.ver, subject acc.ver, % identity, alignment length, mismatches, gap opens, q. start, q. end, s. start, s. end, evalue, bit score, % positives, query/sbjct frames
# 100 hits found
A_JCVI_22968	NP_198465.3	74.870	386	96	1	25	1182	1	385	0.0	618	86.53	1/0
A_JCVI_22968	CAD5333220.1	71.240	379	85	1	46	1182	454	808	0.0	575	82.32	1/0
A_JCVI_22968	CAD5333219.1	71.240	379	85	1	46	1182	453	807	0.0	575	82.32	1/0
A_JCVI_22968	CAA0409658.1	54.521	365	163	1	97	1182	12	376	4.86e-142	412	70.14	1/0
A_JCVI_22968	AAN31921.1	54.247	365	164	1	97	1182	12	376	1.51e-141	410	70.14	1/0
A_JCVI_22968	NP_200208.1	54.247	365	164	1	97	1182	12	376	1.80e-141	410	70.14	1/0
A_JCVI_22968	OAO92593.1	53.973	365	165	1	97	1182	12	376	5.91e-141	409	69.86	1/0
A_JCVI_22968	CAD5334829.1	56.686	344	149	0	151	1182	13	356	2.49e-140	407	71.22	1/0
A_JCVI_22968	NP_179650.1	47.668	386	200	1	31	1182	24	409	2.59e-140	409	70.47	1/0
A_JCVI_22968	AAL06865.1	47.668	386	200	1	31	1182	24	409	2.73e-140	409	70.47	1/0
A_JCVI_22968	AAG37063.1	46.939	392	206	1	13	1182	18	409	3.08e-140	409	70.15	1/0
A_JCVI_22968	NP_973489.1	47.781	383	198	1	31	1173	24	406	9.35e-140	407	70.50	1/0
A_JCVI_22968	AAG37062.1	46.684	392	207	1	13	1182	18	409	1.68e-139	407	70.15	1/0
A_JCVI_22968	OAP10970.1	46.684	392	207	1	13	1182	18	409	1.72e-139	407	70.15	1/0
A_JCVI_22968	OAO99421.1	49.072	377	192	0	52	1182	27	403	1.59e-133	391	68.97	1/0
A_JCVI_22968	VYS64215.1	48.806	377	193	0	52	1182	27	403	5.36e-133	390	68.70	1/0
A_JCVI_22968	NP_001031739.1	48.806	377	193	0	52	1182	27	403	7.28e-133	390	68.97	1/0
A_JCVI_22968	OAP01173.1	47.244	381	201	0	40	1182	31	411	2.08e-130	383	68.24	1/0
A_JCVI_22968	NP_194570.2	47.244	381	201	0	40	1182	31	411	3.79e-130	383	67.98	1/0
A_JCVI_22968	NP_001329101.1	47.230	379	200	0	40	1176	31	409	1.19e-129	380	67.81	1/0
A_JCVI_22968	CAD5329348.1	45.547	393	202	2	40	1182	31	423	1.92e-125	371	66.16	1/0
A_JCVI_22968	NP_194571.1	47.661	342	179	0	52	1077	27	368	2.12e-119	353	66.96	1/0
A_JCVI_22968	NP_180058.1	45.503	378	205	1	52	1182	16	393	3.14e-119	355	66.67	1/0
A_JCVI_22968	AAM62555.1	45.767	378	204	1	52	1182	16	393	3.14e-119	355	66.93	1/0
A_JCVI_22968	CAD5319428.1	45.767	378	204	1	52	1182	16	393	1.27e-118	353	66.93	1/0
A_JCVI_22968	NP_001031705.2	44.838	339	184	1	172	1179	39	377	3.21e-101	306	63.72	1/0
A_JCVI_22968	NP_194091.1	44.940	336	182	1	172	1170	39	374	1.47e-100	306	63.99	1/0
A_JCVI_22968	OAO99536.1	44.643	336	183	1	172	1170	39	374	6.14e-100	305	63.99	1/0
A_JCVI_22968	OAO96576.1	39.583	384	223	3	34	1182	3	378	8.94e-99	301	61.20	1/0
A_JCVI_22968	CAA0396265.1	44.172	326	182	0	205	1182	53	378	1.13e-98	301	65.64	1/0
A_JCVI_22968	NP_194090.2	39.583	384	223	3	34	1182	3	378	1.91e-98	301	61.20	1/0
A_JCVI_22968	CAA23025.1	37.010	408	224	5	34	1182	3	402	1.02e-91	285	57.60	1/0
A_JCVI_22968	NP_849430.1	47.037	270	143	0	361	1170	1	270	9.07e-89	272	66.67	1/0
A_JCVI_22968	AAL32903.1	74.172	151	39	0	730	1182	1	151	5.81e-80	245	86.75	1/0
A_JCVI_22968	VYS70031.1	29.197	274	168	9	265	1032	148	413	3.01e-22	100	49.64	1/0
A_JCVI_22968	CAD5334616.1	29.197	274	168	9	265	1032	148	413	3.15e-22	100	49.64	1/0
A_JCVI_22968	AAM67247.1	29.825	228	150	7	160	837	42	261	3.20e-22	99.4	49.12	1/0
A_JCVI_22968	OAP13533.1	29.825	228	150	7	160	837	82	301	4.60e-22	99.4	49.12	1/0
A_JCVI_22968	NP_177890.1	29.825	228	150	7	160	837	82	301	4.69e-22	99.4	49.12	1/0
A_JCVI_22968	AAL67016.1	29.825	228	150	7	160	837	82	301	4.87e-22	99.0	49.12	1/0
A_JCVI_22968	CAA0340009.1	30.263	228	149	7	160	837	82	301	5.21e-22	99.0	49.12	1/0
A_JCVI_22968	CAD5317483.1	26.331	338	227	11	160	1167	1135	1452	1.02e-21	99.8	44.97	1/0
A_JCVI_22968	CAA0409152.1	28.832	274	169	9	265	1032	148	413	3.77e-21	97.1	49.27	1/0
A_JCVI_22968	BAB11238.1	25.275	364	240	9	13	1032	60	415	4.92e-21	96.7	44.23	1/0
A_JCVI_22968	NP_001330155.1	27.899	276	178	6	265	1032	25	299	5.96e-21	95.1	46.38	1/0
A_JCVI_22968	NP_199982.2	27.899	276	178	6	265	1032	148	422	1.17e-20	95.5	46.38	1/0
A_JCVI_22968	OAO90487.1	27.899	276	178	6	265	1032	148	422	1.19e-20	95.5	46.38	1/0
A_JCVI_22968	NP_001031083.1	24.198	343	231	11	238	1182	94	435	4.70e-19	90.5	45.19	1/0
A_JCVI_22968	AAL24255.1	24.198	343	231	11	238	1182	94	435	4.90e-19	90.5	45.19	1/0
A_JCVI_22968	NP_564192.2	24.198	343	231	11	238	1182	94	435	7.36e-19	90.1	45.19	1/0
A_JCVI_22968	AAC32251.1	26.860	242	146	7	226	870	25	262	1.32e-18	88.2	48.35	1/0
A_JCVI_22968	NP_192867.1	28.311	219	129	7	226	813	77	290	1.76e-18	89.0	49.77	1/0
A_JCVI_22968	CAD5330238.1	29.130	230	140	6	265	885	82	311	2.23e-18	88.6	45.65	1/0
A_JCVI_22968	AAK68842.1	24.251	334	224	11	265	1182	1	333	2.25e-18	87.8	45.51	1/0
A_JCVI_22968	AAC63850.1	27.523	218	132	6	226	813	48	261	2.46e-18	88.6	49.54	1/0
A_JCVI_22968	OAO98798.1	29.130	230	140	6	265	885	82	311	2.65e-18	88.2	45.65	1/0
A_JCVI_22968	VYS65224.1	26.888	331	199	11	265	1176	82	396	8.40e-18	86.7	42.60	1/0
A_JCVI_22968	CAA0397833.1	26.888	331	199	11	265	1176	82	396	8.88e-18	86.7	42.60	1/0
A_JCVI_22968	NP_195491.1	26.888	331	199	11	265	1176	82	396	1.16e-17	86.3	42.60	1/0
A_JCVI_22968	BAH20108.1	23.631	347	228	13	238	1182	94	435	1.33e-17	86.3	44.67	1/0
A_JCVI_22968	NP_001031262.1	23.907	343	232	11	238	1182	94	435	1.59e-17	85.9	44.61	1/0
A_JCVI_22968	NP_567330.1	25.080	311	201	9	253	1095	76	384	2.25e-17	85.5	45.34	1/0
A_JCVI_22968	AAK25905.1	23.907	343	232	11	238	1182	94	435	2.32e-17	85.5	44.90	1/0
A_JCVI_22968	AAM61453.1	23.615	343	233	11	238	1182	94	435	4.92e-17	84.7	44.61	1/0
A_JCVI_22968	CAD5327284.1	24.437	311	203	9	253	1095	76	384	6.13e-17	84.3	45.34	1/0
A_JCVI_22968	CAD5327577.1	26.761	213	120	5	226	813	77	270	6.59e-17	84.0	47.42	1/0
A_JCVI_22968	CAA0328061.1	23.615	343	233	11	238	1182	94	435	7.04e-17	84.0	44.31	1/0
A_JCVI_22968	OAO96843.1	24.437	311	203	9	253	1095	76	384	7.10e-17	84.0	45.34	1/0
A_JCVI_22968	NP_190539.1	30.222	225	134	6	280	885	87	311	9.97e-17	83.6	47.11	1/0
A_JCVI_22968	CAA0394032.1	24.759	311	202	10	253	1095	76	384	9.98e-17	83.6	45.98	1/0
A_JCVI_22968	VYS59887.1	30.222	225	134	6	280	885	87	311	1.07e-16	83.6	47.11	1/0
A_JCVI_22968	NP_194350.1	25.228	329	214	11	247	1176	94	409	4.72e-16	81.3	47.42	1/0
A_JCVI_22968	CAA0396547.1	25.228	329	214	11	247	1176	94	409	5.82e-16	81.3	47.11	1/0
A_JCVI_22968	7DLY_A	24.768	323	214	10	265	1176	97	409	9.99e-16	80.5	47.06	1/0
A_JCVI_22968	NP_201381.1	28.889	225	137	5	280	885	87	311	1.03e-15	80.5	44.89	1/0
A_JCVI_22968	AAF79891.1	22.543	346	230	12	229	1170	87	426	1.29e-15	80.1	45.38	1/0
A_JCVI_22968	OAO98934.1	24.924	329	215	11	247	1176	94	409	1.64e-15	79.7	47.11	1/0
A_JCVI_22968	OAP17057.1	23.056	360	231	12	238	1182	94	452	1.85e-15	79.7	43.06	1/0
A_JCVI_22968	AAK64147.2	22.543	346	230	12	229	1170	159	498	1.88e-15	80.1	45.38	1/0
A_JCVI_22968	NP_173173.3	22.543	346	230	12	229	1170	161	500	1.91e-15	79.7	45.38	1/0
A_JCVI_22968	CAA0214124.1	22.543	346	230	12	229	1170	161	500	1.96e-15	79.7	44.80	1/0
A_JCVI_22968	AAF82782.1	22.543	346	230	12	229	1170	161	500	2.35e-15	79.7	45.09	1/0
A_JCVI_22968	OAP17923.1	22.609	345	231	11	229	1170	161	500	2.53e-15	79.7	44.64	1/0
A_JCVI_22968	AAK59591.2	21.726	336	229	10	265	1182	162	493	4.22e-15	79.0	45.83	1/0
A_JCVI_22968	OAP15547.1	21.429	336	230	10	265	1182	170	501	8.66e-15	77.8	45.83	1/0
A_JCVI_22968	CAA0330951.1	21.429	336	230	10	265	1182	170	501	8.90e-15	77.8	45.83	1/0
A_JCVI_22968	NP_565040.2	21.429	336	230	10	265	1182	170	501	9.23e-15	77.8	45.83	1/0
A_JCVI_22968	CAD5316996.1	21.429	336	230	10	265	1182	119	450	9.70e-15	77.4	45.83	1/0
A_JCVI_22968	OAP09847.1	28.761	226	137	7	280	885	87	312	1.34e-14	77.0	46.02	1/0
A_JCVI_22968	CAD5319241.1	28.761	226	137	7	280	885	105	330	1.45e-14	77.0	46.02	1/0
A_JCVI_22968	NP_179866.1	28.761	226	137	7	280	885	87	312	1.51e-14	77.0	46.02	1/0
A_JCVI_22968	NP_171655.1	24.786	234	151	6	250	885	88	318	2.22e-13	73.6	45.30	1/0
A_JCVI_22968	VYS44669.1	24.786	234	151	6	250	885	88	318	3.91e-13	72.8	44.87	1/0
A_JCVI_22968	CAA0154033.1	24.359	234	152	6	250	885	88	318	5.12e-13	72.4	45.73	1/0
A_JCVI_22968	AAA97516.1	24.359	234	152	6	250	885	88	318	7.67e-13	71.6	45.30	1/0
A_JCVI_22968	NP_001077811.1	27.742	155	105	2	265	708	170	324	1.18e-12	70.9	49.68	1/0
A_JCVI_22968	NP_001185380.1	20.630	349	230	10	265	1182	170	514	1.39e-12	71.2	43.84	1/0
A_JCVI_22968	CAA0387862.1	25.758	198	132	5	265	813	89	286	7.34e-12	68.6	46.97	1/0
A_JCVI_22968	VYS61092.1	25.758	198	132	5	265	813	89	286	7.47e-12	68.6	46.97	1/0
A_JCVI_22968	CAD5326454.1	25.758	198	132	5	265	813	74	271	8.00e-12	68.6	46.97	1/0
# blastx
# Iteration: 0
# Query: A_JCVI_3565
# RID: 2885HA25016
# Database: nr
# Fields: query acc.ver, subject acc.ver, % identity, alignment length, mismatches, gap opens, q. start, q. end, s. start, s. end, evalue, bit score, % positives, query/sbjct frames
# 23 hits found
A_JCVI_3565	NP_197857.2	77.713	516	99	9	12	1535	1	508	0.0	655	82.95	3/0
A_JCVI_3565	BAF01744.1	77.519	516	100	9	12	1535	1	508	0.0	653	82.95	3/0
A_JCVI_3565	BAF02139.1	77.519	516	100	9	12	1535	1	508	0.0	653	82.95	3/0
A_JCVI_3565	BAF02184.1	77.326	516	101	9	12	1535	1	508	0.0	653	82.95	3/0
A_JCVI_3565	BAF01720.1	77.519	516	100	9	12	1535	1	508	0.0	652	82.75	3/0
A_JCVI_3565	BAF02072.1	77.519	516	100	9	12	1535	1	508	0.0	652	82.75	3/0
A_JCVI_3565	CAA0404631.1	77.132	516	102	9	12	1535	1	508	0.0	650	82.56	3/0
A_JCVI_3565	OAO91511.1	77.326	516	100	10	12	1535	1	507	0.0	647	82.75	3/0
A_JCVI_3565	CAD5332597.1	73.643	516	98	10	12	1535	1	486	0.0	597	78.68	3/0
A_JCVI_3565	BAB09651.1	82.370	346	56	5	504	1535	1	343	0.0	563	87.86	3/0
A_JCVI_3565	BAB09652.1	60.656	122	37	4	12	359	1	117	7.34e-23	96.3	65.57	3/0
A_JCVI_3565	NP_001326111.1	28.095	210	137	2	522	1127	199	402	7.54e-15	79.3	45.71	3/0
A_JCVI_3565	OAP01610.1	28.095	210	137	2	522	1127	418	621	1.41e-14	79.0	45.71	3/0
A_JCVI_3565	NP_001326110.1	28.095	210	137	2	522	1127	418	621	1.47e-14	79.0	45.71	3/0
A_JCVI_3565	VYS60557.1	28.095	210	137	2	522	1127	418	621	2.81e-14	78.2	45.71	3/0
A_JCVI_3565	CAB87413.1	26.818	220	137	3	522	1127	418	631	4.53e-12	70.9	43.64	3/0
A_JCVI_3565	BAH57071.1	27.485	171	114	2	726	1208	209	379	6.76e-12	69.7	44.44	3/0
A_JCVI_3565	NP_001031506.1	27.485	171	114	2	726	1208	209	379	6.88e-12	69.7	44.44	3/0
A_JCVI_3565	OAP08640.1	27.485	171	114	2	726	1208	209	379	7.19e-12	69.7	44.44	3/0
A_JCVI_3565	NP_197671.1	31.206	141	91	2	726	1130	209	349	9.93e-12	69.3	50.35	3/0
A_JCVI_3565	CAD5320687.1	27.485	171	114	2	726	1208	209	379	1.05e-11	69.3	44.44	3/0
A_JCVI_3565	CAD5332397.1	31.206	141	91	2	726	1130	589	729	2.88e-11	68.6	50.35	3/0
A_JCVI_3565	NP_850287.1	28.777	139	94	1	726	1127	209	347	3.93e-11	66.6	47.48	3/0
# blastx
# Iteration: 0
# Query: A_JCVI_31290
# RID: 2885HA25016
# Database: nr
# Fields: query acc.ver, subject acc.ver, % identity, alignment length, mismatches, gap opens, q. start, q. end, s. start, s. end, evalue, bit score, % positives, query/sbjct frames
# 138 hits found
A_JCVI_31290	NP_173820.1	87.547	265	32	1	353	1144	196	460	1.53e-157	454	94.72	2/0
A_JCVI_31290	NP_173820.1	75.000	76	19	0	130	357	9	84	1.03e-18	89.7	81.58	1/0
A_JCVI_31290	CAA0238454.1	87.170	265	33	1	353	1144	196	460	3.94e-157	453	94.72	2/0
A_JCVI_31290	CAA0238454.1	75.000	76	19	0	130	357	9	84	1.01e-18	90.1	81.58	1/0
A_JCVI_31290	NP_172059.1	52.510	259	121	2	353	1129	193	449	1.98e-79	254	70.27	2/0
A_JCVI_31290	NP_172059.1	61.290	31	12	0	133	225	5	35	4.76e-05	47.4	80.65	1/0
A_JCVI_31290	OAP17332.1	52.510	259	121	2	353	1129	193	449	2.56e-79	254	69.88	2/0
A_JCVI_31290	OAP17332.1	61.290	31	12	0	133	225	5	35	5.15e-05	47.4	80.65	1/0
A_JCVI_31290	OAP18236.1	51.737	259	123	2	353	1129	193	449	2.18e-76	246	69.50	2/0
A_JCVI_31290	OAP18236.1	61.290	31	12	0	133	225	5	35	1.32e-05	49.3	77.42	1/0
A_JCVI_31290	NP_001184915.1	51.351	259	124	2	353	1129	193	449	1.11e-75	244	69.11	2/0
A_JCVI_31290	NP_001184915.1	61.290	31	12	0	133	225	5	35	1.30e-05	49.3	77.42	1/0
A_JCVI_31290	CAA0376694.1	48.496	266	132	4	356	1147	187	449	3.91e-74	240	68.80	2/0
A_JCVI_31290	CAA0376694.1	59.375	32	13	0	130	225	5	36	9.29e-05	46.6	71.88	1/0
A_JCVI_31290	NP_180734.1	47.529	263	134	3	356	1138	194	454	6.62e-74	240	68.82	2/0
A_JCVI_31290	NP_180734.1	57.576	33	14	0	127	225	5	37	1.47e-05	49.3	84.85	1/0
A_JCVI_31290	NP_973682.1	47.940	267	132	5	356	1147	187	449	7.83e-74	239	69.29	2/0
A_JCVI_31290	NP_973682.1	59.375	32	13	0	130	225	5	36	8.81e-05	46.6	75.00	1/0
A_JCVI_31290	BAD95102.1	47.940	267	132	5	356	1147	169	431	9.29e-74	239	69.29	2/0
A_JCVI_31290	CAA0373949.1	47.148	263	135	3	356	1138	194	454	9.72e-74	239	68.82	2/0
A_JCVI_31290	CAA0373949.1	57.576	33	14	0	127	225	5	37	1.45e-05	49.3	84.85	1/0
A_JCVI_31290	NP_181912.1	47.940	267	132	5	356	1147	187	449	1.15e-73	239	69.29	2/0
A_JCVI_31290	NP_181912.1	59.375	32	13	0	130	225	5	36	8.58e-05	46.6	75.00	1/0
A_JCVI_31290	5U6N_A	48.120	266	133	4	356	1147	187	449	1.20e-73	239	68.80	2/0
A_JCVI_31290	5U6N_A	59.375	32	13	0	130	225	5	36	1.57e-04	45.8	71.88	1/0
A_JCVI_31290	NP_181910.1	48.120	266	133	4	356	1147	187	449	1.21e-73	239	68.80	2/0
A_JCVI_31290	NP_181910.1	59.375	32	13	0	130	225	5	36	9.37e-05	46.6	71.88	1/0
A_JCVI_31290	VYS55442.1	47.940	267	132	5	356	1147	187	449	1.21e-73	239	69.29	2/0
A_JCVI_31290	VYS55442.1	59.375	32	13	0	130	225	5	36	8.51e-05	46.6	75.00	1/0
A_JCVI_31290	5V2K_A	48.120	266	133	4	356	1147	187	449	1.29e-73	239	68.80	2/0
A_JCVI_31290	5V2K_A	59.375	32	13	0	130	225	5	36	1.09e-04	46.6	71.88	1/0
A_JCVI_31290	NP_001325305.1	47.348	264	135	3	353	1138	193	454	1.65e-73	240	68.94	2/0
A_JCVI_31290	NP_001325305.1	57.576	33	14	0	127	225	5	37	1.39e-05	49.3	84.85	1/0
A_JCVI_31290	AAM61249.1	47.148	263	135	3	356	1138	194	454	2.89e-73	238	68.82	2/0
A_JCVI_31290	AAM61249.1	57.576	33	14	0	127	225	5	37	1.51e-05	49.3	84.85	1/0
A_JCVI_31290	CAA0376697.1	47.566	267	133	5	356	1147	187	449	6.90e-73	237	68.91	2/0
A_JCVI_31290	CAA0376697.1	59.375	32	13	0	130	225	5	36	8.29e-05	46.6	75.00	1/0
A_JCVI_31290	CAA0373960.1	48.120	266	129	6	356	1138	195	456	7.26e-70	229	68.42	2/0
A_JCVI_31290	CAA0373960.1	65.625	32	11	0	124	219	4	35	6.47e-07	53.5	81.25	1/0
A_JCVI_31290	NP_180738.1	47.744	266	130	6	356	1138	195	456	1.28e-69	229	68.42	2/0
A_JCVI_31290	NP_180738.1	65.625	32	11	0	124	219	4	35	6.58e-07	53.5	81.25	1/0
A_JCVI_31290	VYS54140.1	47.368	266	131	6	356	1138	195	456	3.43e-69	228	68.42	2/0
A_JCVI_31290	VYS54140.1	65.625	32	11	0	124	219	4	35	6.53e-07	53.5	81.25	1/0
A_JCVI_31290	OAP11358.1	47.368	266	131	6	356	1138	755	1016	6.13e-65	226	68.42	2/0
A_JCVI_31290	OAP11358.1	65.625	32	11	0	124	219	564	595	1.24e-07	56.2	81.25	1/0
A_JCVI_31290	AAD30619.1	49.561	228	113	2	353	1036	193	418	3.72e-57	204	66.23	2/0
A_JCVI_31290	AAD30619.1	63.333	30	11	0	136	225	6	35	7.49e-06	50.4	80.00	1/0
A_JCVI_31290	CAF04403.1	47.907	215	107	4	356	994	87	298	1.82e-56	190	67.44	2/0
A_JCVI_31290	CAF04404.1	47.442	215	108	4	356	994	87	298	9.43e-56	188	67.44	2/0
A_JCVI_31290	BAF02066.1	91.753	97	8	0	854	1144	144	240	9.74e-55	183	97.94	2/0
A_JCVI_31290	BAF02066.1	75.000	76	19	0	130	357	9	84	5.47e-20	90.5	81.58	1/0
A_JCVI_31290	CAA0168653.1	41.606	274	135	6	356	1138	190	451	5.43e-53	185	59.12	2/0
A_JCVI_31290	VYS45100.1	40.293	273	140	5	356	1138	190	451	2.21e-51	181	58.61	2/0
A_JCVI_31290	NP_563742.1	40.293	273	140	5	356	1138	190	451	2.26e-51	181	58.61	2/0
A_JCVI_31290	NP_001320882.1	40.293	273	140	5	356	1138	240	501	3.92e-51	181	58.61	2/0
A_JCVI_31290	NP_172044.1	42.647	272	136	7	359	1138	191	454	6.28e-51	179	61.40	2/0
A_JCVI_31290	VYS62801.1	40.530	264	123	6	386	1132	227	471	2.47e-47	170	56.06	2/0
A_JCVI_31290	AAL24226.1	47.087	206	95	3	554	1132	211	415	3.50e-47	169	63.11	2/0
A_JCVI_31290	OAO99002.1	47.087	206	95	3	554	1132	267	471	3.61e-47	170	63.11	2/0
A_JCVI_31290	CAB10333.1	47.087	206	95	3	554	1132	251	455	5.21e-47	169	63.11	2/0
A_JCVI_31290	NP_567471.1	47.087	206	95	3	554	1132	267	471	7.91e-47	169	63.11	2/0
A_JCVI_31290	OAP00726.1	40.234	256	131	9	386	1132	213	453	5.91e-46	166	59.77	2/0
A_JCVI_31290	CAA0395168.1	40.234	256	131	9	386	1132	213	453	6.16e-46	166	59.77	2/0
A_JCVI_31290	AAL69494.1	40.234	256	131	9	386	1132	223	463	6.25e-46	166	59.77	2/0
A_JCVI_31290	VYS62606.1	40.234	256	131	9	386	1132	213	453	6.29e-46	166	59.77	2/0
A_JCVI_31290	NP_193146.1	40.234	256	131	9	386	1132	213	453	6.42e-46	166	59.77	2/0
A_JCVI_31290	AAB58497.1	46.667	210	90	4	554	1132	267	471	6.81e-46	166	62.86	2/0
A_JCVI_31290	BAE98677.1	40.234	256	131	9	386	1132	213	453	7.27e-46	166	59.77	2/0
A_JCVI_31290	VYS58147.1	38.224	259	150	5	386	1147	222	475	4.78e-45	164	60.62	2/0
A_JCVI_31290	NP_188793.1	37.354	257	155	5	386	1147	222	475	2.45e-44	162	62.26	2/0
A_JCVI_31290	AAM13998.1	36.194	268	165	5	353	1147	211	475	3.01e-44	162	60.82	2/0
A_JCVI_31290	VYS53250.1	37.891	256	151	6	383	1138	202	453	1.36e-42	157	62.50	2/0
A_JCVI_31290	OAP11221.1	37.891	256	151	6	383	1138	202	453	2.70e-42	156	62.50	2/0
A_JCVI_31290	AAM64979.1	37.970	266	152	8	383	1165	216	473	3.84e-42	156	59.02	2/0
A_JCVI_31290	CAA0395356.1	37.594	266	153	8	383	1165	216	473	9.04e-42	155	58.65	2/0
A_JCVI_31290	VYS62794.1	37.594	266	153	8	383	1165	216	473	9.13e-42	155	58.65	2/0
A_JCVI_31290	OAP00592.1	37.594	266	153	8	383	1165	216	473	9.41e-42	155	58.65	2/0
A_JCVI_31290	NP_193284.1	37.594	266	153	8	383	1165	216	473	9.61e-42	155	58.65	2/0
A_JCVI_31290	CAB10326.1	37.455	275	147	8	356	1141	211	473	1.44e-41	155	57.82	2/0
A_JCVI_31290	AAN72025.1	37.455	275	147	8	356	1141	217	479	1.46e-41	155	57.82	2/0
A_JCVI_31290	NP_193283.2	37.455	275	147	8	356	1141	217	479	1.69e-41	155	57.82	2/0
A_JCVI_31290	NP_179907.1	37.891	256	151	6	383	1138	202	453	2.15e-41	154	61.72	2/0
A_JCVI_31290	CAD5319281.1	37.891	256	151	6	383	1138	202	453	2.26e-41	154	61.72	2/0
A_JCVI_31290	CAA0370287.1	37.891	256	151	6	383	1138	202	453	2.48e-41	154	61.72	2/0
A_JCVI_31290	VYS62793.1	37.455	275	147	7	356	1141	217	479	4.16e-41	154	57.82	2/0
A_JCVI_31290	CAA0395355.1	37.091	275	148	7	356	1141	217	479	6.98e-41	153	57.45	2/0
A_JCVI_31290	NP_179906.1	36.187	257	157	5	371	1138	185	435	1.27e-39	149	57.59	2/0
A_JCVI_31290	AHL38842.1	36.187	257	157	5	371	1138	185	435	1.47e-39	149	57.59	2/0
A_JCVI_31290	OAP08290.1	35.798	257	158	5	371	1138	197	447	3.91e-39	147	57.59	2/0
A_JCVI_31290	VYS53249.1	35.409	257	159	5	371	1138	197	447	2.66e-38	145	57.20	2/0
A_JCVI_31290	CAD5319280.1	35.409	257	159	5	371	1138	197	447	3.39e-38	145	57.20	2/0
A_JCVI_31290	OAP13724.1	39.583	240	136	2	377	1084	62	296	1.20e-37	140	56.67	2/0
A_JCVI_31290	NP_193285.1	37.555	229	132	5	464	1138	241	462	5.54e-37	142	60.26	2/0
A_JCVI_31290	VYS46889.1	40.000	240	135	2	377	1084	228	462	7.18e-37	142	56.67	2/0
A_JCVI_31290	VYS46889.1	50.000	34	17	0	124	225	9	42	0.006	41.2	70.59	1/0
A_JCVI_31290	VYS53245.1	35.496	262	157	5	371	1138	146	401	7.20e-37	140	54.58	2/0
A_JCVI_31290	CAA0232608.1	40.000	240	135	2	377	1084	228	462	7.33e-37	142	56.67	2/0
A_JCVI_31290	CAA0232608.1	50.000	34	17	0	124	225	9	42	0.006	41.2	70.59	1/0
A_JCVI_31290	OAP08030.1	35.496	262	157	5	371	1138	146	401	7.65e-37	140	54.58	2/0
A_JCVI_31290	NP_173656.1	40.000	240	135	2	377	1084	228	462	1.03e-36	142	56.25	2/0
A_JCVI_31290	NP_173656.1	52.941	34	16	0	124	225	9	42	0.002	42.4	73.53	1/0
A_JCVI_31290	CAA0370257.1	34.884	258	164	4	371	1138	196	451	1.65e-36	140	55.43	2/0
A_JCVI_31290	OAP13723.1	39.583	240	136	2	377	1084	228	462	2.43e-36	140	56.67	2/0
A_JCVI_31290	OAP13723.1	50.000	34	17	0	124	225	9	42	0.006	41.2	70.59	1/0
A_JCVI_31290	AAB87110.1	33.462	260	155	6	371	1138	196	441	3.58e-36	139	51.92	2/0
A_JCVI_31290	OAP16351.1	39.095	243	133	5	377	1084	59	293	8.92e-36	135	56.79	2/0
A_JCVI_31290	OAO98847.1	37.118	229	133	5	464	1138	241	462	1.86e-35	138	59.39	2/0
A_JCVI_31290	OAO89564.1	37.603	242	134	4	431	1138	224	454	2.74e-35	137	56.20	2/0
A_JCVI_31290	OAP18465.1	38.400	250	143	4	377	1111	224	467	3.13e-35	137	55.20	2/0
A_JCVI_31290	OAP18465.1	50.000	34	17	0	124	225	6	39	0.001	43.1	73.53	1/0
A_JCVI_31290	CAA0232477.1	38.400	250	143	4	377	1111	224	467	4.72e-35	137	55.60	2/0
A_JCVI_31290	CAA0232477.1	50.000	34	17	0	124	225	6	39	0.001	43.1	73.53	1/0
A_JCVI_31290	VYS46886.1	38.400	250	143	4	377	1111	224	467	6.75e-35	136	55.20	2/0
A_JCVI_31290	VYS46886.1	50.000	34	17	0	124	225	6	39	0.001	43.1	73.53	1/0
A_JCVI_31290	NP_196206.1	37.190	242	135	4	431	1138	224	454	1.19e-34	135	55.79	2/0
A_JCVI_31290	VYS65996.1	37.190	242	135	4	431	1138	224	454	1.46e-34	135	55.79	2/0
A_JCVI_31290	CAA0232540.1	39.095	243	133	5	377	1084	227	461	1.86e-34	135	56.79	2/0
A_JCVI_31290	CAA0232540.1	53.125	32	15	0	130	225	11	42	0.038	38.5	68.75	1/0
A_JCVI_31290	OAP16353.1	39.095	243	133	5	377	1084	227	461	1.96e-34	135	56.79	2/0
A_JCVI_31290	OAP16353.1	53.125	32	15	0	130	225	11	42	0.038	38.5	68.75	1/0
A_JCVI_31290	CAD5319277.1	34.351	262	160	5	371	1138	196	451	2.16e-34	135	53.44	2/0
A_JCVI_31290	CAA0153864.1	34.828	290	140	7	356	1123	187	461	2.25e-34	135	51.38	2/0
A_JCVI_31290	NP_173653.1	38.000	250	144	4	377	1111	224	467	3.96e-34	134	54.80	2/0
A_JCVI_31290	NP_173653.1	50.000	34	17	0	124	225	6	39	0.001	43.1	73.53	1/0
A_JCVI_31290	AAL32657.1	38.000	250	144	4	377	1111	224	467	3.96e-34	134	54.80	2/0
A_JCVI_31290	AAL32657.1	50.000	34	17	0	124	225	6	39	0.001	43.1	73.53	1/0
A_JCVI_31290	NP_173655.2	39.095	243	133	5	377	1084	227	461	9.37e-34	133	56.38	2/0
A_JCVI_31290	NP_173655.2	56.250	32	14	0	130	225	11	42	0.013	40.0	71.88	1/0
A_JCVI_31290	OAP17404.1	34.926	272	141	6	371	1123	205	461	1.08e-33	133	54.04	2/0
A_JCVI_31290	VYS67081.1	32.157	255	156	3	377	1138	218	456	1.43e-33	132	54.90	2/0
A_JCVI_31290	OAP13096.1	36.704	267	152	6	377	1150	226	484	1.86e-33	132	52.81	2/0
A_JCVI_31290	OAP13096.1	50.000	34	17	0	124	225	9	42	0.004	41.6	70.59	1/0
A_JCVI_31290	CAA0397435.1	36.431	269	155	8	365	1138	217	480	2.12e-33	132	56.13	2/0
A_JCVI_31290	VYS64835.1	36.431	269	155	8	365	1138	217	480	2.34e-33	132	55.76	2/0
A_JCVI_31290	AHL38933.1	37.600	250	145	4	377	1111	224	467	2.55e-33	132	54.40	2/0
A_JCVI_31290	AHL38933.1	50.000	34	17	0	124	225	6	39	0.001	43.1	73.53	1/0
A_JCVI_31290	BAD43267.1	34.559	272	142	6	371	1123	192	448	2.70e-33	132	54.04	2/0
A_JCVI_31290	OAO99384.1	36.431	269	155	8	365	1138	217	480	2.74e-33	132	56.13	2/0


